100
1 2 55
1 3 43
1 4 3
4 5 69
1 6 17
2 7 36
5 8 6
3 9 82
7 10 98
5 11 83
8 12 84
3 13 31
11 14 81
1 15 2
3 16 77
12 17 47
11 18 8
14 19 40
7 20 49
17 21 85
8 22 24
13 23 52
16 24 20
5 25 23
7 26 61
12 27 23
25 28 87
23 29 23
22 30 1
27 31 88
17 32 66
17 33 60
14 34 75
13 35 34
20 36 7
6 37 39
36 38 93
4 39 62
31 40 27
19 41 80
8 42 92
36 43 87
2 44 60
44 45 48
40 46 32
20 47 40
36 48 69
11 49 22
12 50 50
8 51 18
25 52 29
14 53 89
50 54 98
49 55 85
55 56 85
44 57 15
50 58 19
42 59 57
40 60 9
33 61 41
53 62 39
47 63 42
57 64 83
49 65 2
31 66 22
51 67 92
12 68 26
44 69 72
26 70 34
61 71 52
57 72 72
58 73 98
18 74 19
69 75 71
13 76 59
17 77 71
12 78 95
63 79 8
44 80 79
60 81 61
40 82 31
28 83 50
7 84 37
6 85 35
38 86 81
78 87 40
75 88 56
50 89 94
3 90 92
12 91 4
81 92 79
5 93 50
38 94 90
90 95 53
79 96 69
55 97 20
10 98 70
34 99 59
31 100 94
