100
7
75
98
35
22
59
31
74
69
73
96
59
18
69
39
10
96
79
72
12
31
80
97
2
15
72
98
79
54
94
14
62
69
13
97
43
72
80
69
94
53
17
53
71
86
44
34
83
76
6
47
7
39
44
61
54
68
59
85
23
53
52
37
74
65
34
69
89
67
38
35
20
55
88
44
42
85
78
77
61
36
24
68
27
20
81
34
40
93
19
63
46
71
0
73
88
87
94
30
54
33
65
26
40
6
70
82
91
0
11
52
89
87
72
16
59
53
2
0
46
22
15
45
45
16
70
86
55
64
16
9
97
33
87
38
91
10
72
82
10
36
86
51
75
58
20
35
12
22
87
10
96
2
55
94
70
77
80
25
42
48
86
91
33
74
81
25
84
6
59
46
42
46
50
69
4
22
56
68
96
43
31
93
46
38
39
68
16
19
94
58
19
32
1
52
6
83
29
42
89
