100 5 30
43
99
13
21
100
31
22
3
70
94
41
91
27
24
51
2
15
85
90
78
64
30
48
60
9
69
93
19
86
65
2 1 17
3 2 37
4 2 89
5 4 12
6 4 85
7 2 3
8 2 39
9 8 90
10 4 10
11 4 2
12 6 97
13 10 84
14 11 51
15 4 30
16 12 70
17 12 59
18 12 36
19 10 11
20 5 79
21 17 5
22 14 61
23 2 3
24 1 81
25 16 76
26 6 13
27 15 16
28 11 80
29 4 19
30 2 53
31 16 27
32 10 17
33 6 15
34 20 87
35 17 31
36 17 1
37 11 34
38 33 48
39 22 67
40 16 83
41 29 20
42 4 26
43 39 10
44 40 88
45 2 90
46 35 82
47 41 69
48 24 7
49 3 57
50 34 14
51 16 12
52 12 76
53 5 29
54 39 36
55 38 53
56 11 93
57 40 71
58 26 61
59 11 78
60 39 14
61 57 95
62 15 89
63 13 48
64 38 4
65 47 43
66 16 46
67 58 33
68 60 54
69 27 99
70 3 64
71 38 65
72 64 78
73 21 80
74 9 69
75 50 94
76 42 30
77 24 31
78 3 10
79 31 16
80 55 90
81 17 33
82 34 66
83 27 11
84 57 85
85 82 14
86 55 16
87 41 58
88 6 15
89 37 90
90 53 97
91 31 19
92 60 78
93 53 99
94 85 83
95 76 54
96 15 78
97 86 61
98 44 58
99 50 17
100 47 88
