1000 300 500
635
826
78
997
562
221
314
944
542
642
951
449
261
263
200
397
522
8
123
6
689
770
163
805
758
104
531
398
62
250
356
49
75
433
988
654
710
283
547
351
234
995
611
496
359
17
906
481
22
946
251
536
750
360
639
281
109
701
882
464
101
309
896
497
648
901
206
931
447
908
164
442
518
11
340
228
27
245
708
400
190
310
287
292
669
926
924
777
978
157
240
465
488
574
388
131
747
187
38
262
980
907
272
319
134
650
563
841
401
503
687
395
171
612
318
300
941
475
539
370
291
378
943
107
766
425
853
304
462
114
368
737
601
738
515
46
138
618
548
177
365
70
140
34
369
81
508
450
151
637
745
257
402
169
110
57
983
575
339
702
312
555
952
891
127
499
67
491
568
524
937
638
384
196
88
534
832
184
790
586
704
178
333
740
623
646
241
132
597
258
197
748
14
755
302
392
849
831
681
366
33
812
198
652
918
195
893
791
23
306
589
572
405
603
326
379
256
717
105
900
627
137
265
754
334
364
793
457
659
342
461
576
537
353
976
679
727
633
268
298
389
870
975
767
477
692
581
482
207
492
822
489
538
685
914
593
836
82
860
486
470
460
236
557
91
490
445
558
4
415
380
904
917
932
553
938
223
771
387
167
958
468
443
289
458
255
757
966
855
554
413
144
452
559
412
383
111
875
43
772
617
783
160
942
305
180
335
146
189
857
953
448
216
599
859
598
709
733
993
480
609
373
872
813
551
469
520
649
663
746
699
636
498
852
170
357
801
231
441
83
133
695
566
829
414
843
911
517
714
794
567
64
116
213
385
682
386
214
861
73
408
124
474
175
923
694
431
634
811
158
122
422
543
338
549
851
640
884
47
74
259
348
128
394
761
651
571
161
956
344
55
119
630
667
653
888
792
145
246
7
16
224
432
780
889
173
795
722
277
644
232
350
20
371
479
237
910
28
507
736
730
149
949
37
523
473
244
647
982
227
744
92
112
76
349
375
728
19
233
466
254
583
643
751
346
53
285
327
756
409
847
484
313
135
39
961
506
426
217
165
267
332
453
968
838
294
945
715
248
456
129
846
594
867
205
406
279
421
922
188
376
962
799
929
354
288
120
264
459
52
578
676
658
971
940
824
645
573
764
29
999 134 -7
366 944 -47
823 995 -18
850 603 16
155 630 23
787 640 17
795 610 14
333 213 5
592 36 49
516 851 12
544 201 -3
539 567 40
643 741 35
675 590 -11
394 96 -30
367 882 9
487 28 -29
551 713 -17
906 656 -30
257 172 21
19 67 21
619 606 39
809 600 -21
346 274 20
837 19 -33
958 738 1
717 576 -20
790 478 -8
75 735 48
396 991 -29
919 361 37
290 979 -6
932 140 -7
961 837 19
284 674 37
701 631 -26
704 699 1
735 841 -22
477 915 12
227 310 2
148 228 -37
488 870 -7
432 801 32
328 113 -31
497 396 -6
36 449 -24
313 152 26
164 886 -34
493 715 -19
555 293 42
960 793 22
373 632 43
116 63 43
351 742 7
422 238 3
166 626 3
244 938 6
20 453 44
637 945 10
520 852 2
64 811 46
836 535 -23
829 2 -8
974 352 33
232 773 23
237 290 48
42 533 37
998 553 41
192 541 38
804 412 -11
357 475 -49
405 311 37
733 491 38
475 465 42
958 696 -34
383 284 -44
81 325 40
420 322 44
212 866 36
300 669 47
591 377 22
692 782 -16
31 866 -26
19 340 -10
63 649 37
880 32 20
986 464 44
328 884 18
223 447 35
361 746 3
559 336 32
583 379 -35
917 409 -18
93 779 -27
734 842 21
421 721 4
392 58 20
38 737 -45
6 311 1
543 672 -2
749 230 -15
331 812 15
398 80 23
330 172 -47
953 905 46
576 678 18
583 421 -25
53 458 -36
758 816 -26
909 358 45
509 106 26
444 788 -11
109 537 20
534 866 -8
737 170 48
486 98 -23
954 680 -3
832 84 -45
446 841 22
370 101 31
318 609 -11
846 52 -24
538 160 13
308 45 30
602 133 -48
153 618 1
380 572 32
28 403 15
485 848 -45
109 569 7
90 238 15
529 84 18
756 973 29
871 632 -27
203 234 5
57 738 23
8 117 -6
990 496 48
55 332 -5
312 440 -37
669 530 1
986 410 36
354 517 8
233 387 39
508 942 24
564 998 13
589 6 -18
833 347 -23
831 402 9
28 65 0
793 734 29
444 71 39
882 425 -45
292 9 -6
982 517 35
608 432 -16
324 20 -11
156 204 36
835 34 -11
846 413 -47
297 205 38
628 1 -39
17 882 -15
275 174 45
271 507 13
208 466 44
142 789 -37
434 296 -34
72 131 -49
111 976 -37
566 272 20
107 252 20
718 620 -47
105 894 26
852 516 -16
116 723 -50
810 865 -10
876 650 -14
144 721 -32
446 183 43
511 748 -33
133 206 18
403 275 37
259 379 -17
935 231 -50
822 698 -27
174 507 -11
666 382 38
102 878 -42
20 323 40
266 185 39
135 318 -3
903 72 -29
642 330 2
627 617 -16
480 790 -19
703 963 39
494 628 -27
934 82 -50
94 101 24
436 718 8
525 852 -23
524 106 49
446 748 30
450 726 -2
684 205 -13
967 259 49
756 104 29
279 37 10
679 130 -38
753 565 -20
364 442 31
291 965 -11
642 762 -12
675 211 13
323 246 -30
761 212 -20
512 968 -16
891 598 -28
351 629 2
264 733 18
246 96 -41
79 739 -24
18 732 -11
56 406 -48
172 729 -3
844 841 -39
774 352 -20
160 243 -23
583 945 -43
135 208 -10
955 805 -15
217 884 -25
443 253 7
134 661 12
36 832 -8
536 675 32
599 800 -16
629 960 26
608 894 22
216 380 30
908 334 -14
695 550 21
221 344 -26
985 492 14
168 235 49
194 169 47
993 103 27
304 631 35
197 104 2
928 136 9
262 324 3
811 396 23
507 720 -48
984 56 44
848 575 30
600 768 -2
597 760 -47
575 416 35
512 964 38
664 892 25
75 153 49
828 315 44
154 173 15
308 156 22
954 356 -4
834 955 -37
235 903 -26
90 829 41
575 692 5
516 707 -4
591 781 0
342 961 -34
136 466 39
353 773 46
625 727 -47
823 912 7
436 498 -38
513 587 42
4 514 34
459 29 40
157 619 -27
359 961 33
876 448 -2
917 801 22
113 777 48
17 600 12
226 387 -39
690 899 48
983 255 -39
967 713 41
9 222 -41
832 580 -29
615 807 -29
215 723 23
588 836 -1
38 852 -50
752 429 -11
964 119 -13
762 101 41
425 419 6
116 779 -21
777 611 -42
751 577 -35
172 792 -13
97 731 -26
798 768 -23
99 872 6
138 835 24
427 948 -24
971 372 -6
579 839 -28
408 967 34
168 69 11
735 240 -46
25 688 36
149 486 -45
477 584 26
233 73 -40
459 851 7
785 173 30
529 103 20
403 862 39
240 30 7
301 764 -1
857 140 -14
495 289 -29
900 765 6
177 349 30
287 807 -19
697 591 5
477 471 8
800 225 -31
89 464 -50
446 116 -34
747 972 5
384 818 -7
505 718 9
562 894 -43
42 532 15
725 580 5
933 409 -25
891 208 -48
62 296 15
615 93 31
931 840 -46
738 575 -28
834 79 -11
693 992 34
253 386 17
618 462 -3
926 394 5
703 284 12
705 698 -41
171 312 3
104 594 -6
8 331 -32
82 164 47
873 209 -10
909 813 -25
477 430 -11
624 355 -18
531 58 18
293 762 15
54 284 -22
259 387 -29
304 747 1
922 180 17
971 53 -23
12 961 -11
221 28 13
576 661 43
985 929 -13
98 246 -8
734 874 -49
120 95 -46
218 998 -25
398 417 46
802 396 9
114 835 -3
903 56 -23
18 983 37
312 319 17
249 768 14
592 501 -13
545 621 33
449 190 -18
274 939 -49
422 740 46
581 854 33
881 108 40
208 477 22
547 788 -8
166 389 -41
30 332 -40
119 876 32
302 676 21
186 301 -40
487 723 -49
184 655 -44
67 535 15
357 94 -8
981 640 -21
275 805 19
984 186 -50
546 304 -23
728 605 -48
452 143 -47
114 629 27
515 812 -19
122 230 -32
539 938 -39
81 270 -47
763 544 9
832 880 -5
585 425 -2
212 505 -45
867 308 -3
470 773 25
147 287 -11
830 760 -30
48 299 -40
712 379 29
15 141 -27
826 325 4
471 909 -20
420 472 36
677 338 43
724 807 15
751 305 -46
942 487 -35
363 886 -37
73 597 -6
404 963 -14
279 789 -38
33 259 -30
564 30 42
302 706 -21
996 781 38
813 532 -6
269 825 -20
485 539 -34
350 963 -38
594 367 -23
683 645 17
95 30 27
768 945 -43
560 246 14
41 593 47
329 758 30
626 26 -46
56 510 -7
372 860 7
637 805 -27
864 839 -30
583 934 -1
560 53 -5
919 612 40
336 4 -15
533 685 42
613 310 -33
869 365 29
312 737 40
70 725 -4
545 940 35
665 522 20
166 81 -28
611 352 35
654 687 38
289 219 22
681 183 -17
450 51 48
729 715 36
219 136 -40
218 680 -1
703 697 -28
825 862 -48
647 825 3
432 478 41
572 766 11
397 446 -7
530 895 44
28 976 -42
966 546 45
628 763 24
877 817 20
351 641 34
554 639 -42
459 422 35
403 994 -48
564 390 49
908 271 43
654 299 -30
114 616 16
709 244 -22
983 472 47
306 823 -13
842 728 26
850 186 47
687 940 -8
289 504 33
688 411 4
333 416 -46
954 529 -31
472 237 12
752 571 -16
849 228 6
587 69 -15
315 270 22
464 308 -38
607 948 -35
490 987 27
644 320 42
800 625 22
220 448 10
234 199 32
368 48 -40
676 986 -20
711 652 2
284 115 9
148 721 -43
163 563 43
292 558 14
836 358 -10
908 929 37
568 162 -12
502 530 35
664 557 -28
895 620 23
747 255 -11
258 402 -38
365 916 24
811 207 33
927 42 -10
668 949 18
207 868 32
945 369 13
20 204 28
991 329 26
245 569 -17
998 881 0
913 107 10
119 890 -12
512 383 -45
812 803 -38
679 385 -42
400 848 40
784 220 -5
414 210 -24
142 807 44
775 804 -24
477 69 34
989 539 -25
428 51 -43
533 214 12
197 893 -4
158 644 -4
848 779 15
445 544 -24
371 685 -18
217 811 38
295 288 -42
479 276 -4
905 703 -2
64 588 12
26 136 -44
725 293 -49
271 140 -19
388 585 24
714 307 -40
199 524 -30
839 818 -43
899 297 -15
497 553 -13
498 968 26
313 818 19
605 271 41
97 854 28
681 628 -7
987 438 43
862 410 33
134 328 -46
631 232 43
128 199 20
839 544 32
8 613 36
630 304 32
483 734 -36
110 230 3
899 275 -36
660 159 -5
329 292 -26
533 274 5
327 401 4
297 591 -1
931 598 12
169 579 -33
504 61 1
518 522 -18
223 772 -44
265 387 9
909 312 42
182 819 -32
935 173 16
525 775 46
365 53 -45
757 738 -16
941 960 -44
48 101 -13
664 488 -2
572 151 -10
106 969 -40
40 494 26
564 268 22
390 256 39
443 761 6
908 870 -5
542 810 7
758 489 -30
597 438 -7
99 678 -2
68 241 37
913 717 -47
180 742 42
435 131 36
547 739 43
416 85 37
139 434 0
628 306 49
417 750 47
317 686 -13
229 403 42
337 546 -25
376 93 13
969 508 49
808 85 42
947 519 45
926 824 -4
342 925 45
787 575 -38
473 164 42
227 608 2
722 944 47
347 671 39
62 640 -1
214 799 -17
458 97 -47
905 22 29
151 715 -47
630 163 -25
145 555 -47
752 59 -26
898 736 -42
759 956 37
663 978 16
166 44 -28
404 326 -29
549 232 26
652 291 -50
51 399 24
769 296 -40
811 688 -20
921 644 -33
936 973 -14
101 16 -40
366 293 35
266 524 12
918 166 -36
190 88 -39
52 269 7
214 956 -11
487 599 6
422 923 -6
907 841 0
273 133 -15
890 8 47
159 174 14
127 89 3
566 300 6
48 708 -11
157 129 12
453 354 2
360 194 -48
490 873 35
859 204 11
427 951 -34
38 754 8
746 845 -36
719 580 -40
78 125 14
413 451 4
638 488 -5
21 698 -50
309 660 -5
125 272 -46
514 377 -36
80 47 17
243 477 41
207 241 43
13 230 30
958 250 -21
810 483 -25
118 143 20
827 108 -8
716 921 -45
795 320 22
917 596 -11
962 960 19
949 197 -3
472 142 -38
298 249 -44
522 163 -27
981 165 -47
721 126 13
233 260 -7
311 665 -7
525 765 -50
683 655 -32
3 743 30
285 55 33
708 51 -9
372 694 2
353 460 -26
305 142 28
576 698 -4
70 191 39
621 645 11
170 58 -11
827 552 19
402 249 17
471 523 18
634 77 5
703 267 -6
959 644 -45
997 306 -46
618 59 -46
338 529 -24
158 162 4
427 180 -8
797 207 -31
80 52 14
971 10 -42
314 625 48
557 474 -20
707 500 -32
480 361 -6
11 903 -10
770 822 -39
746 320 -22
339 229 -49
622 666 3
961 561 35
792 273 -21
802 175 -29
371 648 43
187 972 33
956 146 44
275 744 -6
783 511 -47
520 50 -24
410 189 26
295 190 42
472 590 35
14 77 -47
730 215 5
200 471 2
447 330 -40
271 920 45
284 348 48
858 206 14
39 935 -20
910 134 38
124 618 -11
946 322 -17
957 671 3
756 1000 13
519 175 -25
57 3 -18
716 469 -38
756 414 -16
657 46 26
656 162 3
163 896 -17
681 423 9
968 77 -32
733 642 -9
719 282 -36
375 327 -7
382 840 46
946 791 -21
213 624 -28
180 700 -10
27 568 -47
980 770 -22
819 719 38
137 807 -26
668 506 14
807 977 -7
864 100 -8
634 129 -38
704 817 -8
922 855 37
176 911 30
195 769 47
563 433 15
778 533 9
763 13 22
466 181 16
689 204 32
693 704 25
824 569 -37
753 56 -7
740 141 -9
378 182 11
948 878 -15
704 990 -12
456 45 -16
116 786 -28
888 684 15
444 391 7
734 198 -49
468 666 36
322 755 6
467 969 43
820 31 9
68 247 -12
196 244 35
853 756 11
671 201 -20
329 667 48
48 646 30
702 626 -48
741 794 28
875 492 -26
125 965 -24
659 730 15
195 573 35
935 366 13
714 12 -2
479 720 10
303 196 -26
449 952 -1
677 651 18
277 857 20
86 103 37
415 271 28
418 24 38
539 601 -14
491 118 48
347 345 33
898 968 46
625 343 -21
321 398 26
620 871 2
385 985 35
229 794 40
99 623 24
815 27 -23
395 172 -33
975 891 -45
843 127 37
343 407 19
341 664 42
577 442 -42
653 273 10
401 794 -32
739 911 5
631 23 -13
901 114 -36
136 280 28
583 574 -45
508 548 -18
526 118 -26
616 381 30
431 375 46
607 990 26
46 755 -30
43 750 -43
757 883 -47
236 894 14
768 92 1
537 193 -43
627 810 37
570 236 1
551 527 -47
503 440 -33
681 60 -37
771 696 22
254 482 -20
9 362 -32
614 726 15
844 582 -13
66 262 -26
860 317 35
937 835 8
35 317 -9
614 767 18
121 696 -11
589 437 44
775 889 -25
484 301 28
461 709 -8
960 179 13
30 914 -39
224 390 35
528 838 -44
710 593 46
112 48 -48
949 316 -41
930 594 -45
383 499 -45
663 751 -22
863 116 -30
943 30 1
638 885 7
114 178 18
837 710 -16
906 554 -9
28 91 0
456 902 2
76 418 -12
242 679 12
759 550 -34
33 5 -33
306 239 -42
100 897 16
37 814 -30
167 346 39
123 569 -50
74 558 -40
455 964 10
988 838 23
662 244 14
43 49 -4
261 4 49
254 494 -6
578 974 -34
287 441 21
912 806 -46
670 496 49
616 856 49
760 970 -14
672 495 -4
895 988 49
595 394 15
418 568 7
521 71 40
335 974 -6
673 863 40
851 426 -33
450 294 -8
476 788 25
586 723 1
283 2 46
682 828 -18
582 150 8
248 314 25
454 777 -5
68 161 39
780 156 42
663 745 19
318 635 38
604 104 4
847 989 -46
263 716 10
377 83 -40
125 481 -41
887 710 -39
457 750 28
658 916 -26
351 776 18
460 393 -49
463 574 45
458 633 40
950 515 15
424 338 -42
286 42 -44
348 636 -22
646 132 -31
540 737 -8
605 556 37
212 192 -23
374 411 27
904 879 -10
177 136 -11
821 438 -13
861 738 17
281 347 -48
924 521 23
691 458 -25
930 87 -2
136 796 33
7 401 22
278 899 -28
15 879 -15
182 439 49
648 202 30
251 177 -9
577 188 34
