100 30 57
65
13
44
53
78
1
48
67
34
23
22
70
59
87
27
49
14
11
24
41
80
93
39
45
85
55
73
19
37
92
72
32
35
54
52
56
90
83
88
29
26
16
15
66
60
98
38
20
3
75
30
9
31
84
5
99
96
2 1 -16
3 1 -15
4 2 43
5 2 -20
6 1 1
7 4 -47
8 3 7
9 3 16
10 1 9
11 6 36
12 3 -15
13 2 44
14 9 0
15 5 33
16 14 48
17 5 -4
18 5 -48
19 8 -8
20 19 35
21 17 -18
22 3 20
23 22 -45
24 1 26
25 4 23
26 12 -10
27 12 22
28 12 -24
29 5 -10
30 6 19
31 30 29
32 11 -41
33 12 1
34 10 8
35 18 9
36 29 -32
37 25 -18
38 30 -19
39 24 -31
40 18 -41
41 2 48
42 14 5
43 12 26
44 20 -9
45 35 -40
46 37 -6
47 13 31
48 16 16
49 41 19
50 35 -19
51 2 22
52 25 26
53 36 -8
54 52 43
55 31 -31
56 23 8
57 26 5
58 55 -10
59 27 -3
60 6 -50
61 25 46
62 12 0
63 45 -48
64 37 -35
65 43 -6
66 17 -46
67 7 49
68 64 22
69 27 38
70 15 5
71 34 22
72 35 -22
73 70 28
74 65 9
75 36 5
76 52 36
77 5 -42
78 58 31
79 5 -46
80 17 32
81 28 -4
82 81 19
83 63 17
84 78 -11
85 47 10
86 48 -32
87 6 -39
88 26 -38
89 57 -34
90 43 -35
91 3 -15
92 68 24
93 13 40
94 20 4
95 5 -42
96 33 -2
97 18 -23
98 86 -45
99 5 -39
100 12 4
