82486
25097
19462
52458
45740
56377
46529
72395
60881
49451
69418
97365
76751
91615
40693
16145
23690
56625
67620
82557
33022
95079
33818
98303
54677
90500
69253
31114
68396
79482
66364
20855
93096
96328
10966
97812
70056
39834
60363
60934
91760
11700
72000
92559
78632
93958
20998
42349
92737
82020
58109
59029
10247
70291
99980
23976
15360
85455
72265
99992
82633
90075
57816
46477
75568
60071
80069
16254
95607
43199
74779
79405
77963
69542
59471
35244
12537
57768
92176
92967
11842
84429
16720
14070
73269
57030
18819
52583
15979
72997
24361
33904
63315
23602
74878
57312
58183
44551
58774
32396
15888
65455
95970
94183
56514
20100
22504
50475
78377
65684
81453
72676
81088
96434
96281
34916
47405
91847
34759
88025
85912
98473
78479
68419
62104
42813
73449
22854
43797
34953
89394
82051
95089
96523
76278
39410
9023
72575
46700
60707
91446
68263
83013
68486
4729
25686
90305
43864
14337
88387
57637
69155
86188
78317
64374
99588
67440
48836
99523
87221
80697
24262
53346
93293
41215
74648
93948
65510
20038
45171
99942
56882
48955
86531
83359
32307
35713
92502
75052
89443
27031
97462
50814
91715
31696
76138
71876
83311
27072
77750
41058
31958
99328
82179
22383
55335
66774
86742
48471
35138
31692
60858
76998
25027
59885
93031
45536
94063
95175
1587
80566
83321
96816
41639
81221
87409
94676
8004
81403
50876
52158
50726
89368
42556
70085
86648
1201
99630
61310
65531
50747
47725
70047
66684
88758
93379
67259
71312
44576
57521
74361
58682
26798
42867
32282
82500
91412
70880
49472
46789
34425
64680
50066
49547
66210
37570
25455
88722
70914
39281
69937
4195
68356
55511
46287
78072
40753
81221
95094
78231
70538
34577
28403
61522
83579
18862
38934
31216
24441
94299
79992
62179
47826
69437
70651
36926
96171
80039
71126
43913
58713
65907
13241
37638
71655
98360
37011
59598
45406
60458
96778
37271
79554
62852
91572
27418
17001
80634
46755
65322
66560
31453
56924
45763
26826
53428
35645
90862
74704
85953
89508
15270
81710
41597
88166
72473
7907
33359
59404
70142
52384
85406
46971
83478
54439
57231
42006
68344
63839
50763
82955
24154
12691
83802
11978
74675
89291
77453
92214
61218
95703
66758
81818
30843
66310
79344
29421
93806
54388
12607
64254
79782
65947
48006
61017
83042
39457
84211
31654
99634
76950
89887
85586
92836
88661
55394
25426
86156
8760
33636
33665
79563
62673
35365
95177
41344
99090
71999
82277
57352
2979
27570
47920
54803
95745
59159
86668
35234
35197
92721
72712
82753
92655
89180
87505
24370
75628
48853
52180
48090
6370
93685
27162
91432
91249
84579
83609
68465
79290
5871
4175
86846
7351
48707
64446
39116
21072
55356
62758
43294
47290
79187
93267
41780
76779
36838
90476
77106
43255
73707
62141
45173
31352
47796
63667
64468
92521
37523
34272
97879
65593
52032
84271
35951
55754
49204
23520
76674
58473
73667
48262
12461
92016
42921
88920
69964
94555
89378
36018
39053
63611
49407
86741
82338
26346
93379
77469
27919
43816
17965
24981
93332
94223
31063
25591
88052
40735
53595
98781
12623
16058
99734
85037
32283
90599
53798
91172
83354
50742
19721
64046
82203
37380
22936
3938
71257
74263
29873
69073
65662
45106
69999
33118
99689
76569
56534
87951
45046
20404
68082
52594
63625
55287
78367
72005
44959
75746
69739
85912
76227
79705
88987
56853
78685
51068
91120
39519
46869
64594
74279
78952
70059
59348
33098
58280
40442
96446
77593
96163
80073
53735
50891
79355
81838
88407
13249
60181
87247
96691
97490
80738
82475
95512
97471
68394
59807
55573
32598
41160
27931
91539
96026
40838
3951
52367
59790
72076
79164
33788
84715
73758
92516
71570
63503
92449
56888
49633
52058
88882
79815
90153
60191
81690
50717
48692
98913
79953
84863
96765
96955
56149
97690
28502
94912
81337
58934
9352
33882
91182
28738
75032
66141
69407
73868
94795
46337
23658
56055
26477
88652
97730
60408
99413
30825
24052
79522
91538
56087
54816
70247
77244
85713
74967
15972
56628
99083
83751
94142
75126
37557
17232
65621
96161
72800
84364
64199
94526
94088
89326
87287
78752
97058
28053
28330
65914
92112
69827
24619
55089
95134
65296
96390
65812
62017
42040
70594
96798
88940
96029
32309
11742
91054
84397
95989
28000
96006
65633
75203
34780
65971
80129
63923
53963
57364
40443
91996
95850
50104
26942
72990
51220
85966
18973
71974
84510
48807
68416
11653
7038
73484
93775
32153
72267
76389
28560
76234
66712
95459
38139
55787
48461
34316
46257
71159
46215
96745
6353
60065
47644
89085
96062
21607
90583
87281
61275
61508
94832
16925
99985
17786
85099
41029
77350
61571
70249
52311
58427
90380
50499
49013
93335
96166
43345
22053
85536
80634
76995
94788
55459
80008
47993
59133
41498
73291
57810
91032
82692
98684
29115
63119
69874
34339
98119
46701
43039
95636
70747
62942
80401
31449
52194
46055
98309
46350
93320
93307
85924
98567
23615
53971
13701
85962
50995
45120
92707
17523
27875
73697
24667
91652
45865
58191
13587
32182
89238
36557
68462
62880
87772
99138
75983
30510
16177
40349
25585
85228
83802
54133
91749
50940
1996
93138
75968
80408
11441
10966
65409
66269
77613
79457
54969
89100
74899
36157
98960
63984
65687
64092
43766
80499
30935
68748
49290
91770
57986
97602
43836
51724
43111
75360
92396
76441
62678
97689
10378
70418
88478
14012
90533
72172
9710
61472
79968
88630
33778
80819
88780
99359
47913
74252
14065
38735
67371
68060
74879
71940
24289
54485
95661
60038
49827
87937
61129
28284
77667
2645
74390
24500
91515
30701
56284
67333
68754
33883
81282
32270
8753
58990
71941
95274
54904
57689
66782
36572
7450
57393
86263
93360
79953
53769
83847
24338
92488
32499
84641
30387
55785
85188
40073
97215
21734
23205
12036
95715
76510
68158
93830
76642
35602
83448
69617
76137
50965
80671
15787
81206
65196
78220
85874
99225
21781
92759
78219
34630
11244
66765
64615
55317
49290
34544
46576
22938
68572
5353
91442
33179
75937
61535
25713
91539
46945
52848
10342
76193
60502
57344
10370
35199
73132
49737
79821
94147
31569
34394
84549
92528
94383
92107
69890
84697
63055
53820
89359
68717
78625
82343
34073
30553
79653
29269
92820
91044
83125
82339
67801
99756
83054
36984
75297
71343
99630
12365
64935
82909
32437
34080
49530
76091
29052
85667
90030
72337
85104
61847
46771
39101
39925
11861
72549
96287
22900
70233
71842
15490
87035
37948
20467
66499
70348
27569
57796
59780
58117
51534
78535
68354
63031
90214
76833
80394
48942
98063
86674
99983
31597
48259
51774
81672
87579
80095
14618
67546
79669
32262
91936
96688
47348
65865
75662
89608
6884
68321
61879
72957
68041
11722
60337
67088
69730
43158
12004
76340
34594
68026
79584
11524
11852
55706
62540
31843
69911
32980
55536
97716
99416
94983
97069
79256
47733
74620
45483
29712
98690
43568
47185
32951
51678
80045
57558
65182
34984
39982
84782
96417
92417
75335
73530
27937
39518
49800
79617
20148
31803
71211
94304
62685
31380
94043
84698
64603
77847
64068
77686
62160
96211
20257
80410
39826
88957
17924
63780
96891
77090
27671
97745
71604
64914
43319
44027
59803
89365
65121
36815
81986
93309
61367
85744
23974
81894
68448
76622
87933
92074
80580
30869
76944
73051
78517
95459
82607
76812
56607
88658
24483
81280
82893
65681
32140
18428
93858
25617
53556
93412
73589
55462
33012
91615
68412
19254
67176
18527
91138
53597
99289
88605
70375
76111
45591
81194
27301
97084
45067
76335
68982
75949
28825
56686
58162
59590
93603
41578
93293
62023
29305
27534
44956
30877
80634
52555
35503
87156
85795
72225
42630
46070
29184
16561
50847
27897
19973
34516
63706
87654
87044
26657
64541
37838
98885
26020
98705
94097
35667
39747
96503
76870
10344
42407
11711
51092
82712
88297
39231
18390
80963
95980
30209
11592
45758
68390
85076
62765
89347
67948
94984
46314
63714
45268
93448
57410
13974
70428
76169
93004
96513
39543
72844
39433
95530
60230
21422
92872
73857
25992
10757
58065
47933
52209
18416
33705
39308
92720
91905
40066
94163
94299
39542
33422
49202
97053
32396
99588
83608
45392
92339
89581
76786
70600
24655
72476
39388
50752
86649
96602
38377
89687
65122
67046
50511
83457
40825
49717
96417
71885
47333
34684
90957
74201
99140
18570
97160
40992
12853
96448
46392
32430
94246
85922
35166
33465
96404
89846
66853
64965
51201
35598
24494
26993
96764
62953
63135
94716
66872
68090
85562
68120
34187
85676
54778
44516
66878
87042
19063
52664
39694
30081
40630
94830
73623
91101
32284
49341
33860
64428
54389
76426
70236
28988
44745
72684
70259
61158
86977
18389
19574
75993
87406
51032
30050
42606
40753
38408
52377
32989
81750
91216
88145
92025
41397
96295
58266
39066
63525
99640
99779
94364
44872
80112
77556
74377
18772
66625
99879
98390
59859
18598
44777
96498
98058
5358
71085
79214
81178
77813
51397
12681
16203
93437
99570
89164
99139
49213
72786
82403
61200
62923
81883
64592
44726
80296
43804
73289
88633
74418
7606
31547
30899
10642
55012
30121
62205
25953
66085
57305
49300
88225
45023
17538
60942
85601
17955
11717
79261
43037
28607
89048
29441
60071
91655
96981
18740
13354
63071
48640
80188
23334
25331
10094
59337
99086
95045
66152
39709
99778
77350
61632
16896
82083
6854
36682
76020
64202
98923
17531
54274
95258
7744
54149
68261
1313
16512
69767
54280
33762
98851
27164
48739
74147
99842
38624
32488
12064
85605
81094
57467
86975
61702
11173
86179
90154
52429
39371
82808
36087
83671
84561
8972
99703
48696
80765
72993
70007
53862
96689
25680
93253
10785
37442
29253
76240
64591
84196
76319
55560
27247
48805
64936
26960
80483
63049
30155
34894
37979
34530
42670
47569
72829
13145
71467
33919
10422
61317
44335
95352
66290
92167
63756
32073
76655
66748
10076
59287
95137
89040
38320
81667
81426
20489
80314
31161
23296
16076
47192
88785
39973
92226
18904
56784
40295
96994
78799
87434
70698
32588
93877
75953
99681
83163
56527
19775
60183
73468
79864
25830
64115
95164
34187
21820
23223
72247
27017
92152
72930
38587
63613
45758
38047
79643
80533
70772
588
26598
97589
76035
78231
33203
92807
18199
17020
11544
66870
37131
23573
55530
66832
81456
41292
34897
89174
76043
92212
96106
67302
47577
71480
97658
99634
59617
40207
99373
90502
90809
65875
70673
32963
92356
88663
45692
35470
56638
77288
61649
21786
82807
69114
85382
83890
32427
34599
60984
74204
68741
73893
24794
87201
89205
62465
74064
42175
78946
47233
85177
73221
32256
38856
58171
49499
84173
7768
36897
99383
51782
84365
98695
92291
86883
58319
13254
93986
72062
39034
50828
79978
5820
23031
41463
38874
56281
74764
98833
48968
44204
92557
71529
98256
65343
72790
42174
63870
66464
63390
69505
66721
34579
72226
73519
97742
61182
46315
71502
98508
96602
73506
93311
97952
56509
85392
16353
34728
12418
13999
60849
64372
80556
87444
25979
89499
10943
98835
45375
39224
69708
23420
93080
69694
81452
74516
23973
80683
81380
88225
80924
67840
73431
52907
73196
32041
25365
61666
26725
44613
50794
50477
51535
77174
50843
39645
59473
21129
71783
88471
50700
86078
14793
10859
62542
83891
29535
37997
51445
46688
96920
79991
65843
38350
83774
80467
76800
43240
64814
7936
42272
99072
65328
11715
77612
83851
67654
27525
97665
36404
94104
48614
83206
66260
78654
8077
83399
84579
60170
34038
92336
26766
14434
42540
90089
26239
28518
87799
99408
92445
44605
15337
81997
13811
84489
28903
98440
85869
94635
57674
23704
17971
75115
96647
76179
68934
38667
90177
57746
95533
86350
51762
96265
55704
82391
90441
13641
91018
48418
79629
55668
61730
81888
30716
75599
75628
54162
86591
78280
74029
31900
99659
41356
50646
69237
47072
86470
98775
36911
65764
43074
84343
63017
44379
81136
35090
64627
74926
58164
80945
72197
55150
53168
82528
97534
53806
86794
91186
14050
67717
86675
40924
12101
94961
57772
14016
57373
46408
43909
63519
64607
3916
33893
4956
63368
95260
63827
86535
48954
96349
73752
69398
47965
67465
24809
62356
29791
39014
61371
27977
49344
91133
36912
94159
75513
25295
71025
59641
91096
65831
90791
69994
94457
84264
49408
99799
48751
72628
46753
19203
97049
72252
75462
81728
91700
99387
92095
3070
54559
91434
88154
35420
41807
83042
15914
79564
33150
23339
9683
60111
74345
74246
54706
67400
97353
45933
30884
43361
5751
61971
30027
54075
93349
53246
76866
32705
83613
50352
85779
80285
62227
45464
23921
82152
92065
75663
90316
73837
70530
63084
37813
73297
31443
92447
76045
21518
98948
47733
67343
85243
76500
25934
23345
36776
26852
57950
13923
71653
71245
62586
83971
72261
57807
38490
12232
73126
41020
77898
98829
76546
71730
30023
98444
47369
36729
49681
21946
49989
33940
37605
98542
81464
70005
69706
22611
99705
73645
96343
48241
25821
29451
46792
35121
20769
49502
47934
18159
80276
54871
79182
86303
88172
40780
18067
60929
94915
86388
4665
35859
23271
32861
79109
16953
91275
50764
82007
48022
56381
87396
94172
52445
60773
69486
82888
7475
83986
98790
91355
47910
89883
33018
68443
97358
86191
31973
55791
97576
87434
11995
74584
60974
76157
92555
98904
86887
55488
61197
33647
97808
98655
47661
89203
62941
90329
87483
10756
23481
64506
70774
72850
41205
26620
84971
96806
96454
28910
97629
27130
41627
82675
82370
60591
96694
54588
98708
57831
77186
75018
61067
94811
99986
86876
34861
36173
57149
13461
44981
85088
62425
78454
67111
50100
33179
12682
68078
68117
70392
90766
20057
98091
78489
38977
34927
97846
53514
58213
80530
92563
66133
32194
60754
85803
88005
82497
92162
55568
92137
63807
98158
84517
41876
33009
74045
72482
35509
37867
37688
81700
42930
31747
99041
38444
87985
17969
38987
70516
58519
86930
58254
72740
80437
99999
91692
76519
54411
46176
45407
77331
98939
35111
4437
90321
97491
11870
53012
60904
90660
84275
18885
56189
88659
37422
36038
95364
78431
72900
52452
93793
89526
69561
6623
8689
7717
37931
70108
88545
18042
34615
57069
25639
76804
97956
90583
95549
22222
38997
33164
53010
57001
56917
62769
31680
46812
51242
12624
44668
51306
51386
50722
63148
44747
52003
25029
9014
50373
95233
27743
93951
39814
93847
63158
90919
39714
44089
96185
92263
76131
39711
65468
74862
31007
29170
68928
57701
98949
56205
52243
21218
22131
10849
64093
50353
99412
74086
48252
80718
64061
87063
65331
82728
92189
43788
71501
42441
20751
84962
57811
74122
95250
38452
70888
64649
83428
95727
69264
93056
975
50453
50026
76974
50668
84356
6713
98403
43354
78167
56022
49190
98373
28137
41492
23221
81519
78551
82599
85628
50162
51034
69097
91540
60939
43044
19687
76251
66583
57609
41931
21047
58988
88906
87825
71829
81187
27564
61197
95438
21512
38850
63417
64928
35839
62733
8180
68346
16080
61524
62725
74593
90532
83679
37610
31916
78760
89632
87502
70830
97412
48528
38248
22071
90134
74582
81887
99955
67682
77235
70720
97116
96266
89660
68857
52888
70456
52258
64992
79381
30277
95404
35840
74409
23803
25163
93497
7306
52417
84984
45656
82932
75249
57518
96840
67021
99609
21141
74134
79275
79896
90462
43068
79507
94732
64452
57936
72851
98924
75603
83618
96773
54104
82936
99939
82249
99352
99453
70978
54254
79412
98576
98792
58143
98848
93375
70516
42684
69638
69207
86793
25511
93773
79396
75160
99065
51935
86088
85417
63435
17214
24774
88263
45051
62314
88254
58692
28137
71432
9692
88570
66578
39100
88513
81263
28078
98139
18908
80371
94655
94566
77564
29377
38424
95103
90283
23405
22817
57603
85895
95980
53692
80076
21219
52908
12369
15134
49786
74188
61669
69028
7109
46284
36334
73958
30771
68904
61353
6116
82166
55100
39200
60780
14742
93545
96201
95997
70231
65938
25173
61496
42535
70144
28433
95849
51634
41409
89822
32953
74952
88362
66252
90813
58899
27192
61854
34085
89341
88601
80487
83486
87061
55657
43434
68352
11400
22241
45902
61987
2507
2259
44792
49861
56922
9505
50117
58144
34235
65688
58770
67838
51343
90355
80402
34748
59023
47467
89700
98817
1832
14266
68295
81514
93206
45443
54257
61722
9007
35547
43667
88667
40004
72438
52746
9028
47610
39229
64436
51138
81275
38879
22048
57482
81050
90996
96026
43757
94317
31226
55267
50695
49575
84931
83684
64936
83012
86215
44198
68817
83702
66315
63812
80437
93034
54246
36116
97493
31737
98881
46134
59856
69912
71766
67370
50971
28474
79854
60060
55142
56966
17744
30679
95122
4283
53512
14305
30559
6045
92693
51483
78037
93651
48996
84807
63095
46228
80808
58873
18798
21698
26774
51275
85213
98235
97100
70623
28761
24035
34335
30948
42525
47442
54080
15614
72458
77521
50305
76278
79236
46126
94365
94208
13726
65005
98121
61544
93821
80330
24710
69003
44356
67179
41684
46529
78667
76475
42107
81438
22736
20243
31177
77853
93243
36643
70476
77538
84872
25843
58545
21020
97729
56580
92027
12018
53379
68321
39811
41424
89835
83709
34743
58342
38665
27841
36930
17149
60243
7197
72353
99734
84178
74322
85540
89745
30510
91524
67403
22683
78447
70388
66877
82738
73067
32195
35855
15576
19947
66368
45809
81948
45917
42383
69018
35737
25949
95544
84015
83993
78852
40319
6031
68797
62143
1981
7628
16294
88013
83214
61626
20846
52996
33206
43726
24507
49218
87412
79236
93965
7723
67792
61532
96760
91817
22925
20112
57369
92864
83897
82041
81232
58464
60271
41202
63631
9119
93309
63482
28599
50680
26173
64929
76601
90466
70219
96653
36468
86223
24486
36147
73151
52241
32266
84594
93025
78921
70161
99244
98660
92217
94919
23286
57852
70711
61608
35373
84825
84548
74500
2251
37117
30476
62044
23956
31306
99025
92369
73962
77215
80816
28138
87118
36504
35201
86508
69688
67978
35565
2459
52387
92043
76339
73721
36387
44027
88580
49741
46369
63713
59865
35371
96902
20996
49722
91985
73569
53518
23074
32911
47349
89500
37899
50298
58188
98540
57846
61833
54933
87212
8166
21791
95926
62462
51602
87783
5013
63541
49225
59883
40372
96776
25036
52061
86476
14681
51171
21663
28131
78933
12200
74913
76700
92827
21098
79585
43835
57881
33895
80220
65564
39789
47723
96533
61927
88288
74883
7689
84046
93858
69576
63467
77255
27744
31287
93578
22806
29935
55748
62732
88624
47220
68349
77452
71775
98922
21178
87464
83735
61853
99100
44575
78523
40038
33681
89410
86492
77834
24240
21631
42946
70069
90744
92278
76331
38556
74034
76193
90343
95496
51704
22388
54237
55256
74513
7195
26379
91609
51146
27323
91981
50511
65360
36531
75637
27161
33283
65535
40346
98699
21832
65021
83155
71369
98177
78128
80921
45654
88045
34686
30562
91021
87576
84066
10048
88843
88657
66755
26843
38816
95941
69191
78285
96719
23723
46361
11221
40488
26639
91106
7318
68565
61549
54915
39923
69278
72599
26103
69665
33563
86928
59689
33656
75896
41081
13332
64386
93428
33568
3124
49572
45376
86607
92298
97005
96281
35592
14784
88849
45893
86659
13726
57472
76958
74261
63456
68350
35521
85721
54483
96945
99360
97760
35086
29749
74696
55955
64396
52010
37169
60871
18128
89779
93757
33527
86143
54091
73460
92219
83256
89092
37482
98320
82207
70029
42202
77256
89594
30329
69056
41765
82527
76792
46704
80285
98568
72971
61944
54278
92364
28984
90099
27598
61063
21797
32233
61538
72101
33253
40042
54430
85046
92746
15041
48396
20687
91024
52977
90477
73629
23853
66581
88945
80144
83839
8830
18719
98371
89919
38661
69870
56611
86483
95866
58451
29561
73056
90873
25477
84537
89227
80287
96045
65371
41124
40628
79729
88239
53738
75874
89219
10842
46316
20412
62441
97459
83219
95215
89107
97929
80968
78638
43930
71607
30810
26207
63976
87654
48285
80437
82672
23204
88344
13569
11708
92396
53487
69723
43771
48324
81171
96152
7394
52145
95364
55664
43179
80801
29989
25324
88535
67075
63665
96341
98835
94162
78122
99442
85231
81730
57284
14943
24779
64689
81182
29167
88423
21557
65741
98775
42025
60931
78101
38364
41159
63002
58172
58789
65872
70421
79753
62075
77850
60203
17879
75198
91179
34072
53266
80037
96080
77881
85274
69905
90799
70613
88967
17378
49021
99382
47591
43154
72148
40752
39725
36872
92779
39043
24923
90332
82042
90793
80838
67765
97064
95454
90431
59049
74017
82906
49955
87510
50881
38915
30371
7876
65534
99772
96215
91878
53953
39176
35890
80439
98023
56350
99473
83641
59954
42507
51800
69658
50386
91215
72541
47684
33575
96604
85082
23293
84686
48737
23372
53462
48102
27616
17693
68734
9704
47302
59392
97296
98195
95134
86164
99084
91981
70189
22114
98676
45952
92392
79521
27036
19783
87819
89853
22270
52840
4027
63434
67443
66313
71312
90562
24709
67273
7627
83612
52368
17356
58249
85796
27959
79421
93990
73871
34822
31766
66389
27935
24722
53231
74704
71188
25329
83609
28455
82994
24390
21441
95422
96162
94934
82199
41371
85123
83895
84599
41874
39817
25860
48134
25532
24797
39869
84652
34795
97260
61296
23755
55233
51950
33609
62864
80258
62626
58809
25285
85088
66966
58835
86284
32430
9557
91617
56687
74891
53809
85640
16685
35705
41271
16247
27064
49339
28099
79553
41497
15586
69145
47068
18908
31423
33160
52733
59914
96323
86663
58313
6802
55547
57283
49282
97309
27275
98066
92284
52650
99658
73473
94429
40458
50311
75616
82951
73879
33668
95569
32865
85342
41731
82485
97189
18411
53647
99051
83124
35866
61785
58408
31071
92240
74736
59569
76072
96251
28317
75055
90423
97107
68966
82424
38941
1875
46121
65539
70089
32988
87000
77062
53818
92492
56100
87723
85992
28430
82204
94041
61011
50167
87922
91902
9150
48117
33797
91811
28370
86099
17025
63695
38189
40918
25410
45261
88654
22080
88626
57310
50793
89368
86311
52913
72163
48205
50149
27893
15239
25080
40835
39118
77626
72436
82673
23653
16590
50758
32719
42918
79372
42737
86309
38009
55791
91611
62332
58816
87497
53597
53395
42421
72359
90856
59111
93461
41247
84354
36363
11583
94201
8297
66625
45545
87329
92873
53722
51455
80428
95835
92434
89804
41844
29611
46342
60340
74482
46131
52100
11580
91065
60026
61906
27060
86493
30927
88156
45311
69431
32924
92489
89019
94603
59190
43175
88151
55694
78286
54804
70125
23280
52927
97916
22557
86902
32175
59783
48587
89045
33791
94897
97746
95005
17245
78897
23809
82498
67868
91323
96815
35279
72897
66533
82149
97793
20500
24885
75984
98914
77840
35812
24403
78382
30549
77381
80631
57228
56775
95726
26687
71214
18911
67136
99569
20826
99989
95408
91297
33013
76197
70333
55756
78888
72842
67805
84482
86861
43259
30990
72507
52939
24803
60268
71190
71524
94433
36917
63374
86443
73393
89989
44188
74258
95630
62977
26501
43840
53729
96606
97387
48243
61904
54771
33666
76887
62642
97089
84045
3306
27453
29488
28006
88131
93786
42177
94286
41286
91114
80125
28146
15082
52083
62420
69308
57652
74570
93349
76818
76599
76925
94478
25546
13629
61018
92124
73850
32239
63333
95550
89841
38869
23200
99689
49162
7408
91153
82483
66268
87138
86578
84345
55651
38699
43944
27552
53168
95713
78881
25441
23224
70480
59269
87949
81776
97652
70698
98421
93783
61116
5618
22685
17957
67856
98400
41231
87462
72612
97375
71738
51997
99843
76920
28914
28919
41132
76483
18918
96807
7628
13802
33180
93271
81568
99055
69794
69911
26882
59705
50236
41743
48449
53063
51998
83702
61426
35812
85364
33100
85769
55343
15910
57902
88435
57721
67349
62740
95668
54321
98374
99700
97118
87107
13028
51263
85065
3414
65128
23332
71209
9284
13218
23492
28042
74701
89646
93784
44268
36521
33800
47654
10739
36189
86226
58869
73275
28695
77147
82806
13468
43959
97265
34077
51336
90968
79585
81392
41998
81975
89530
92874
46580
56168
87754
79971
33508
39389
94375
98497
37417
47196
92899
78230
73860
44847
48622
43939
91992
65197
41913
18373
75747
77464
28442
58235
93613
39763
22032
12270
85226
59812
97311
45399
46183
17979
88466
79867
61531
8216
65995
36387
92616
62469
42245
18655
48206
60744
98039
95276
46929
17553
82309
81247
82270
55664
72243
87776
51635
42518
94131
82478
59604
50786
77044
45617
92019
92070
82924
83451
95230
46160
47516
38734
22478
73594
40127
91649
86387
37425
98802
63205
57378
87544
38450
57115
26459
34690
79157
44313
71025
94451
51845
27234
26016
78083
47699
76782
70263
78080
68022
62030
16986
49053
86493
47049
89251
85020
89862
68637
93263
95795
56611
78740
87363
40393
73096
64808
75050
27211
5655
92204
96890
20652
22180
35333
69908
89106
3702
38519
41016
27281
77975
36895
90757
64214
54715
59602
49993
71060
57978
55715
37518
75792
93620
47227
67049
97801
99298
85839
68469
45634
95518
37821
39004
77689
15271
98206
12137
26710
57746
84738
81146
56335
33584
7047
24929
18598
11772
36915
81650
69145
27314
82412
55469
70140
15761
57546
53766
26406
20147
52434
84681
92825
60154
79931
60694
55075
81042
61153
79312
59165
67411
24682
13886
61438
97045
87131
81046
71025
89837
40326
88941
49436
40970
91835
64025
48056
90772
85316
40176
54737
20206
68001
70877
75153
18747
49067
77989
82491
26006
55590
37513
54169
92734
57316
66028
19186
50972
25453
82419
3475
59839
88383
43408
15846
77240
64279
42471
96871
94016
66130
15294
56262
72501
28363
64411
88787
54236
51133
88087
87580
71117
4995
46578
95769
99774
82312
82797
89887
42133
40039
24484
64424
59045
79285
31591
17258
75479
14311
56820
98652
99296
98676
83091
65712
49882
82069
22227
28739
80790
70466
87932
31438
34457
98302
96113
69553
94267
61453
38273
99187
9581
95223
90816
13261
64018
60835
89950
71889
55327
20534
99847
20713
66148
20526
29686
25279
91900
84699
96853
77227
19851
95617
32243
93989
6772
63567
85988
49786
83358
90843
58823
67297
52973
94891
81233
38617
11133
74151
90836
47295
67838
53847
79910
13542
73376
92661
36856
82919
12960
46114
49926
94086
79096
56167
52726
73459
63147
55857
43508
37362
37320
12248
86746
96707
89327
62531
7958
33013
91805
38927
38225
63034
41926
60780
72783
61356
15141
33332
75273
43244
79415
79108
63433
89925
82268
99060
96851
21863
25475
90396
98800
41062
58059
20725
20783
83035
72578
20273
90614
38694
55399
93372
40440
64359
85540
96874
39209
59671
92780
89502
44203
82363
51030
39805
29183
77432
41187
63447
39481
63892
91664
72906
15052
70470
88559
42249
39233
96986
59949
31905
14690
88159
70673
53855
83173
12917
86936
54765
36871
80702
83211
74541
85911
64615
36852
67693
34944
64090
53074
36360
23766
70215
58965
77599
89481
72984
41600
50698
51754
6073
38898
79922
64224
87936
57014
77539
89923
48464
77640
64516
22712
37311
17727
24525
83206
53777
20713
3298
85358
51290
59947
72207
16626
87882
63083
2412
54012
85970
60435
60538
37929
82095
89465
76281
86748
22494
81458
66903
97267
26356
35414
80597
83537
93867
70737
87610
95485
32275
92706
44887
36563
3760
38509
48807
31136
48680
84968
95699
25384
50997
73705
37488
86139
43086
62842
48583
8210
75728
64810
16948
72792
90969
43959
42614
94503
81814
87873
70099
99781
61188
93937
11870
98055
81568
82567
82182
18509
45820
63654
57531
59871
42715
93019
59599
42349
10363
35442
71135
84702
66014
83921
74421
76455
70625
58445
24474
70839
62604
25494
62727
45657
34575
80416
50071
80582
65090
34295
90811
54272
94061
62067
91418
41841
96761
71082
84811
55186
14770
49976
71277
92427
81814
51634
52473
92026
98815
62323
42678
60604
9133
92301
52835
19148
60108
11798
89544
80428
5699
47493
54319
29095
26314
76068
77732
62476
84707
13512
93884
92686
59666
32672
12667
82141
45161
97309
85502
68963
31700
74182
98052
45352
70622
35639
79858
93503
15176
39897
93554
71403
84373
52379
68674
21616
30607
92241
27779
27767
96454
75761
57441
49790
28141
54281
83292
83590
99177
98672
11312
62558
17990
78710
38652
46756
92086
42223
43799
48991
81698
31272
79206
38569
66044
70346
66656
63131
44868
60567
20728
33347
86901
83335
83933
89989
79662
91754
33570
87709
96040
85104
88972
84269
18546
31799
47041
78937
61803
40207
57170
45631
79023
77006
66144
96891
38127
55010
17954
50173
11488
92124
41900
32816
49683
65789
59357
55884
29328
67323
30306
94584
12734
95529
94565
80342
77630
80931
59877
81332
55129
86128
56978
69216
38704
87262
87889
50433
84088
28845
82346
70296
87069
95706
57328
89799
40508
75997
90543
19352
98101
67723
52485
62465
77214
97771
87924
54420
28183
72175
27161
47022
87367
81505
80045
96424
12618
62253
62295
62368
72859
36285
96931
69069
57180
43328
35919
84711
81958
17751
64212
80628
83578
29483
68337
78517
44528
25705
38208
82923
68720
93897
32479
60627
96059
27911
12097
53451
84121
90602
91135
22064
3627
93471
45233
50215
18995
67647
8840
81909
63246
81519
51061
89602
34254
95014
67270
77401
37525
4419
63617
45765
66333
34556
58036
96421
42635
68385
46195
90447
55814
37882
76363
69802
86229
29347
61557
48807
24167
19412
78065
96449
10122
85211
74965
32327
19737
87545
23504
42689
47918
76866
63498
66809
40800
47632
25334
64845
72509
91195
29550
85337
55122
61736
30226
64494
92810
14945
97859
57383
79861
28339
55420
49653
59590
95147
43926
54776
18600
80452
37286
45220
67563
63638
39572
20431
41021
53656
41952
13904
73177
22337
7454
92285
78316
95029
49371
78400
63634
82354
90345
36200
51553
90526
18314
81240
96967
16015
12937
48724
57359
39557
66815
23662
15461
84199
25150
75269
81895
2911
54363
62092
98142
88452
91622
18683
21413
71448
92547
36470
17475
46515
81169
52031
39506
35065
18303
77900
85741
56830
36229
74173
37147
80191
83348
70403
91022
49883
76820
87458
73205
72564
36030
24304
49517
47575
47086
35603
83719
46629
72925
64409
38420
89336
32556
35484
92358
29972
91214
54918
55156
26475
8195
21494
81089
65415
99187
75639
82121
41910
59623
62428
82506
91933
81139
85738
35133
99753
19350
61382
88921
38354
92385
53944
31277
82074
34674
72857
56775
90897
55747
90558
62618
34205
75187
44593
19151
10993
88960
71382
57855
70272
32421
26058
41528
43459
67853
20595
92608
32289
40856
52663
92530
91392
55670
86342
48931
34990
56135
86897
87390
43878
97074
76360
87206
88066
65477
11424
20735
67064
91286
84668
8920
85585
99640
95419
87872
62122
71555
78581
79832
37677
72028
25175
36104
91142
29687
83957
54225
20011
95744
87197
54839
84912
90550
39988
59447
84796
44970
56940
68758
24814
89455
69753
66454
66661
37896
63853
55911
51831
62752
72341
90713
12092
77015
49459
59861
60568
99394
99300
52787
38186
49740
96222
73918
84814
53987
59356
37833
54295
56830
40542
53167
62266
64134
31654
91111
23954
99786
62852
24374
85145
14728
39411
32300
94548
47742
84778
68903
69820
52308
82659
87663
27953
63036
89723
60192
65769
69075
91049
90378
61279
69741
55379
80499
22418
43022
36805
10004
34484
90865
76800
90985
89887
80451
70282
29395
25299
37668
40322
38579
83676
64447
60671
51206
63842
49924
45780
99561
63214
24477
67190
64174
41742
5870
52711
59469
58752
61693
20823
83210
32169
35551
48188
90127
39817
35700
79427
23855
34419
88069
45302
88893
4156
69366
47160
14982
59945
5873
24911
18249
48041
47283
86525
80910
87953
31375
64130
44041
38515
60593
77060
44455
56412
49826
39573
22180
40713
99919
73302
64532
59202
83771
85948
38486
10554
79266
63070
57320
6751
68831
79898
50288
93175
47848
52085
89692
34038
89594
72118
43965
94670
86636
56524
12448
53440
25949
88639
70300
59146
64640
79904
55220
79989
24826
91567
95168
87242
30409
42111
25651
46193
61591
41926
93697
82740
28653
51221
59586
12550
70250
93073
36517
79924
94983
91382
93413
67711
14969
91493
86303
84796
21531
72287
59922
57952
88952
28291
73146
54825
46600
19204
25177
67360
45443
59696
93502
12023
63011
96149
85498
69454
50019
39990
70299
82709
44143
82149
37883
41910
93158
74391
78799
31849
19778
97445
67586
62331
80994
41370
89217
72214
22734
29722
63019
62342
89587
34461
90576
42898
94306
97252
44657
65342
41265
24240
93954
97681
83518
91271
73940
60899
6804
64615
61669
70913
80557
76488
10505
41436
82930
14953
94832
97207
57146
21604
48149
32194
94213
50089
54531
44559
92981
49553
54522
16762
89366
77359
19255
78898
75164
40188
76596
94507
75784
82151
25141
20629
32143
81409
93872
26430
98919
83786
29277
82066
12239
99242
73773
54215
87399
51380
79426
71105
74893
70158
85342
84705
60051
56786
63877
9773
84227
20412
53761
95347
66436
57574
35086
20650
17522
95093
51218
63126
64640
70665
20323
37335
5802
72796
90030
96833
31220
99183
99437
92634
80519
57822
71690
675
73561
42438
67713
31135
70222
47484
68947
11361
64656
61901
63079
47820
48068
69858
59291
89512
73744
59437
54082
85705
27205
52542
72177
84329
44551
34465
46970
91722
82450
76036
86725
45472
75611
50980
28183
80092
90669
36424
20395
74760
56436
88925
51745
95529
19581
68642
78138
15830
68077
81474
98166
84349
45670
86612
57875
63713
44177
50419
71962
99814
21449
96057
16454
86037
29541
97140
32181
68736
34964
68502
73100
39852
85298
75609
88185
81504
92011
61328
36636
25697
90282
97439
37027
55173
50499
97532
24076
48665
44004
82983
76064
58173
26358
25593
28055
70116
67516
89882
50080
48548
69173
46026
99813
18973
81084
92356
82794
95570
50623
96054
67510
99918
86785
78726
81211
35690
45521
70900
12435
21853
67256
63689
64736
74790
37834
81314
11502
79679
95913
52571
80315
53440
86326
37221
65068
85623
89633
59593
16581
47023
78735
79507
62985
40976
33789
5340
98157
95309
74898
96266
82001
34699
63903
84658
85987
41694
48958
31794
96736
64636
99019
42662
22933
14361
83159
54147
63975
37868
28258
56649
58554
96082
44304
66751
60337
35474
18907
80915
9152
56021
76206
78830
60663
57839
41635
66561
81135
88058
84815
97701
23431
82874
93072
16880
56915
57271
87226
49577
91819
13448
27929
32905
47974
38534
16176
50916
69408
87173
80797
26064
29865
63899
5353
28817
16593
65918
38623
34334
68803
19385
88121
42760
76763
88234
88135
99979
30334
31660
83379
81914
19092
77196
73441
60662
84395
52660
72058
52695
94616
22730
85982
73083
31262
38662
96235
2638
81800
89391
91361
30186
72779
18304
10968
16382
48650
75225
61819
91563
30811
67421
83503
58722
66242
53245
30868
66060
82627
44880
40075
99176
40557
55747
50588
76000
80858
88082
39424
62366
31626
86377
67933
87457
69504
91611
11359
52800
73471
22976
58949
11010
58748
43360
14419
1000
98492
29787
72517
28252
36047
67949
90817
91839
23622
51989
30142
38728
98800
40427
58479
69057
31249
58064
65010
45784
68022
47323
30030
66453
29500
51580
81438
75684
65903
98352
75866
97703
66251
99983
33066
59123
73307
61515
31019
55002
53634
25413
18496
24432
34361
19875
90191
10348
35187
56539
34659
18395
15708
73264
54523
18047
88244
14830
60906
96977
78396
29933
67132
91198
48068
8666
42264
26098
17930
3232
99014
35475
81088
92801
37373
38903
35271
97340
78610
37425
52227
84447
78719
81278
88100
71510
92982
47657
77329
94276
55844
72277
56898
88605
14439
24711
65011
77627
69632
31793
58274
49678
17278
52608
97822
33048
92850
61131
58067
71396
75895
80499
78736
87451
78288
64060
49192
33325
68876
93779
90888
94600
22529
78809
17897
51705
71667
73281
70867
31472
18195
51287
96920
41662
99685
72284
49793
9322
55896
68005
71038
75386
21686
25810
51397
72851
69887
67850
41452
58677
34436
99214
41800
75211
13017
87839
87723
75815
44594
61852
91609
38443
91542
32057
45071
74128
92675
50933
98228
49570
92048
44354
81144
77817
38144
79926
85168
55933
83752
57414
80565
88471
28131
24064
61869
70305
41645
28006
51178
99867
61841
68129
14511
44896
44753
48705
2978
31259
66563
90169
60609
82347
7835
8888
32525
97389
21249
95981
37768
66725
60750
25054
69351
29650
44338
63948
94531
56825
89350
94081
86797
65295
73338
47253
73837
79004
45758
31017
93073
68182
92612
58708
93174
55626
47399
37100
43818
70687
80021
93068
81300
59926
98838
3542
27070
39314
84298
45186
92002
92697
78027
14378
72351
99588
92611
82142
64725
24513
6686
75458
68790
89855
80359
25352
52796
63602
80549
49312
45807
98687
95865
74100
45914
12536
75721
76494
38170
21778
68142
6736
81529
68111
7884
40223
82673
67647
17815
63206
99275
69609
63733
96193
66076
70546
97802
12263
53637
74111
30499
90414
93966
53747
97780
69452
17633
44041
17866
88328
80812
42968
98445
90648
74068
55543
51966
34088
92860
54363
37490
19664
91458
68365
83749
66726
78632
75878
92796
50330
63986
87780
84532
14244
42405
70075
18362
59130
43348
82724
16891
31670
98415
73582
15818
8557
62487
88287
50907
41783
83368
5908
90456
8593
40893
39196
59703
84197
78395
33944
60008
90366
71540
40248
97533
48461
82869
97503
78635
89476
48705
28801
56022
66183
77795
83639
42507
85417
30348
52844
40397
41484
72025
78817
45082
85126
78861
18544
70523
85650
19206
94593
82324
92110
38377
75382
78961
72385
37373
91470
25570
92591
81189
72016
79390
91854
50299
93011
99158
15991
79128
49011
71280
95524
68399
24987
9841
95085
43887
96829
77133
54574
87833
90212
49055
77226
90330
18975
37356
26135
93831
16074
43175
43923
50291
26688
62137
54494
45197
93307
60785
38786
96768
45428
76851
72581
91519
14456
96335
38106
45308
46244
62407
47583
47846
33090
11421
92448
47454
76688
98359
76582
68954
61535
49414
39955
80785
73601
7047
83498
80035
79874
91398
32348
57627
53870
91829
88711
37839
51617
66237
68497
69307
22916
82855
80173
40819
87048
48847
46371
59461
69967
65212
52793
60950
69739
30001
87587
34469
35845
49618
69239
48839
55356
92033
11746
65821
31320
80884
61600
63708
49320
87272
42071
80111
57459
98821
52868
58994
39259
96301
30539
16206
68839
67006
24793
86977
57125
27370
3809
82334
53560
55606
74778
47353
31211
81361
45979
32976
49452
77958
47046
64708
71885
81736
99556
12608
84540
68897
47223
80151
36056
23456
72798
29555
72763
84274
75174
40329
85980
66637
94797
87706
86705
30999
68603
97421
69211
21302
99904
38548
72815
24696
61647
71350
66226
84202
45413
36254
66223
28277
87722
79650
74452
51986
24180
78760
40312
91309
84831
63083
16997
95170
15219
44523
45843
48969
20611
17619
96384
17990
87102
50260
23602
22366
60052
60339
30747
32686
33612
76462
82710
53761
89170
75336
85884
12585
62175
99768
90800
72311
86097
60675
61369
11864
35417
15664
30106
16794
65114
68712
18515
32344
93196
92122
94924
41707
41804
34115
76160
69524
30754
96697
87315
70252
88141
70845
69316
20047
13815
70227
49811
27054
76670
65483
95457
94830
69248
19772
42930
33734
61691
54077
24119
97328
96971
89966
14329
45767
38511
91464
78958
92880
76277
82715
84815
17224
92135
60777
78127
86889
38741
49573
51746
76771
39292
40574
87230
99159
84526
75111
61725
94901
21484
81627
42673
96730
34778
67187
74346
93131
32585
64590
83509
72423
33081
43797
96667
64159
94373
66400
82511
51163
9848
59490
78657
61007
70440
55675
91574
64852
81087
30975
47344
21163
6935
23666
9912
94483
97328
36655
30198
15887
95014
68114
75739
36488
77194
65004
44884
63376
80651
13293
70172
86000
92608
76187
56899
4735
96337
30260
54514
89751
23007
69084
48365
84828
40004
70935
97085
95414
95939
45202
94988
70372
39135
82941
4625
8722
71032
11872
92462
40442
62690
93145
84661
82170
90085
70906
52445
9099
40716
94090
35551
90065
13319
75035
71263
39255
59556
36995
52272
57519
79239
60131
89836
38392
4854
8594
88148
96042
55110
85133
2904
76225
41953
29005
45131
69283
89625
13617
31345
71994
92846
20764
71091
99202
92775
71125
79057
90840
53361
47937
99811
66453
79336
87461
37539
79582
72746
72619
74041
25084
57673
64444
56305
74090
2786
33312
78237
95502
16545
94667
3656
25164
79486
25760
26009
58837
63402
91384
24711
45722
58228
91137
55706
61030
75727
20925
99427
88486
76574
78309
81440
71560
32857
97251
36450
73592
85818
83723
28958
40160
65858
14444
37203
57317
35850
62467
73916
94834
58565
64198
90278
90605
35222
52930
55913
85214
26058
68817
11954
95447
92364
76725
36132
97004
79993
71132
87343
48904
10617
63798
47958
87357
77632
47221
86709
90880
88288
67584
82294
83992
42140
26389
65914
57101
44613
43060
69908
82937
53762
95476
50167
78187
99401
33104
79151
27325
19374
59033
76716
70730
70860
1582
53544
66702
89035
96321
97408
78736
33377
75539
86339
45284
81716
1678
36801
50358
72171
97122
52810
14900
95541
72455
66861
73967
69274
72686
4319
9685
65717
49480
76757
81972
39371
29966
53106
91627
30214
31373
34911
61482
77410
99378
29044
11246
49176
92172
61833
78812
69587
34596
24752
22179
84333
80755
75242
39778
81165
82154
64569
36586
43283
76301
93256
88745
45251
64628
82266
57671
92330
17892
41217
37409
97477
48941
65147
96092
78645
71110
54965
67446
86294
50722
42450
97464
63168
71033
41626
43117
78624
33850
84291
68550
72521
67539
32217
89801
81133
62628
81617
48587
76099
65520
60764
89529
92383
99508
69670
13325
90917
95670
48550
37101
66445
81385
92522
7197
65942
19047
69645
98795
48304
81487
99063
26663
26868
44821
90630
75196
14352
27916
74391
91845
40531
85818
52170
18386
85453
51150
27387
12949
82553
41745
72393
21509
84696
9968
94235
41060
45407
96001
82328
98048
30610
15964
76065
42814
62094
90138
17850
76403
90655
49552
95765
32958
54543
63867
76048
70919
43816
97356
27914
83596
41079
92107
28579
99352
63021
93220
97412
50198
21362
71525
8683
20417
94169
79280
90644
49358
80796
90649
77200
74251
55255
24127
90890
21722
44296
56276
52040
82271
13254
83424
69915
35619
49682
69971
89009
83454
89737
84961
14607
92396
32632
75303
92782
96623
73871
31040
92264
95106
25629
34135
37993
78826
29477
74689
53119
79782
18195
69531
99365
59225
46198
70024
89626
71377
92643
89854
81874
86963
81520
55433
99623
85903
96819
49900
74693
37097
32092
43158
82368
55764
73720
72877
60909
83295
30562
68993
6645
64353
40724
50039
72431
23227
44379
42590
96480
85372
55438
58496
88975
75127
96869
82424
47277
37514
54851
86333
94485
87035
92051
95123
41887
8029
87574
46375
48720
29013
89154
41398
90915
49771
40209
83509
94717
90053
32871
41193
98373
21137
48449
79296
5363
11000
36095
13399
17121
28005
31975
85528
29172
46406
9811
71442
85875
78499
60089
34461
50579
76319
95914
62622
69238
68159
66334
44256
61970
61426
27315
96314
92708
63863
29723
57761
38792
69272
93534
62986
93125
69230
58483
89607
20498
67634
4260
77352
57138
60286
61569
79932
53038
59040
10410
78528
85873
94610
86197
15612
88144
45540
79896
55682
54830
49660
63567
49462
47509
68421
63230
91983
60968
85212
87161
25341
12707
33737
3738
96583
69511
7668
39083
82385
98334
59774
55413
43369
71053
79895
98636
29677
86099
42842
35614
84289
18370
54553
65437
76747
41358
41684
20981
26825
13633
75896
49213
24668
65616
35351
4179
47641
11594
84277
46898
57151
58675
76246
11144
88039
96662
73258
67259
52009
60611
66806
23349
47001
99469
60869
95622
46413
46296
76189
55868
85899
35213
20282
98554
68048
92353
39928
40713
71116
74989
70517
97145
34907
96140
84591
66149
54454
83256
36535
79729
74980
39434
12644
90542
20327
82800
81953
88889
71790
60997
86125
4386
52965
48017
11930
63713
50852
25739
99643
87589
45160
75899
86889
62409
94601
39200
86221
50117
31227
55055
42230
45206
38264
27775
72186
86317
42511
92738
96712
43092
66384
96921
55123
25542
61522
58293
79358
11214
73034
40941
90906
90960
30701
79167
96546
14753
48496
93898
75063
77528
32740
89391
95554
51488
55943
61548
40299
88533
99587
65354
98040
83777
73852
98420
76450
18201
77521
90347
24546
58013
50614
43688
41212
78263
58673
81835
85485
65768
69254
94278
31891
71244
52773
98838
36128
90510
92762
94004
90852
66029
81602
56317
9162
65776
83718
40471
88883
57724
22360
80424
78389
61579
76384
89199
44200
90522
67487
82056
80169
56075
88391
12198
69334
60446
95040
38159
96440
27821
71671
72761
21303
41670
23919
51107
48922
29713
36429
47288
99147
62807
53172
63629
59891
73530
83474
15201
91179
68626
93806
51888
59617
92937
81789
6140
85074
57526
74775
78082
68669
1768
61115
79749
50381
16446
84459
75777
37248
93097
98377
32675
58517
68669
40241
52079
96410
60863
87167
58784
43381
32200
98125
90273
24399
48899
58411
61556
86216
82922
26031
42800
28911
28841
24375
18776
95556
99609
48068
85331
69330
76830
74384
93723
27478
77530
44347
82398
64041
74612
44632
58178
38920
98941
64020
58811
34852
93792
78293
37371
80509
68090
79630
90752
94428
84743
75102
85818
17059
63789
41418
47130
60867
36293
44787
91990
66330
66502
43269
94944
82039
80041
55311
68269
66967
86150
19731
59977
90551
48192
28647
76984
32963
66025
65132
57293
17278
86477
89631
77660
83862
60895
29791
91155
73156
55678
80601
45834
92497
21422
93368
74473
78369
79630
48443
95796
90107
49830
81207
56590
96682
95933
77631
54103
99427
79713
59927
50611
46528
41895
92845
50592
10732
65089
61989
60431
20759
63348
30833
84867
84618
84692
58989
40251
18200
33189
52539
43050
80519
78625
87093
29098
86824
75128
42599
36383
39133
70231
56376
18299
41682
72393
51619
90193
72676
26831
58375
25459
81076
76704
95779
11858
67046
29654
47927
14167
99439
73970
77098
19579
49331
19285
18688
56887
96706
39789
30150
42058
59324
79048
36014
77142
39539
19212
31624
7171
96274
19915
72674
87172
60985
94567
56932
88147
24686
41112
71681
70987
90954
50361
73448
36235
83589
57698
96744
96575
74779
84893
80296
96068
71233
45852
62272
64795
55475
92155
5390
83498
77871
98108
64240
11070
58472
59657
59269
71388
80862
5509
41000
55419
1810
71508
50265
67111
76271
43218
88846
85562
66601
66255
13656
84150
87584
39420
76314
66886
75115
16073
80565
62460
43624
56812
96027
91868
51262
72474
12757
47247
48605
28282
78520
19392
66253
78150
88640
81573
72344
81554
61584
18729
72798
56982
52471
34899
82446
42344
98934
93878
99152
44706
90371
99962
28333
91302
37447
12144
54819
74614
77306
73451
58068
76708
93882
54890
57867
47441
58576
43655
86525
39691
77689
50567
53664
86322
90899
74146
63081
38671
89156
27888
83921
74929
39082
19415
86242
65928
79539
94228
94922
61962
73025
67490
50922
37663
33024
97384
41790
75421
95653
92190
39555
79474
31881
98822
83189
48763
95222
1698
51679
49538
85764
91441
35585
88029
79032
69022
36521
80984
92547
27906
95073
26181
18749
52789
60633
93080
81951
51378
94590
76717
88450
47194
37585
98165
78317
69334
86600
96387
55374
45613
84204
70505
88542
81601
93991
91545
55198
38640
89637
85303
57585
74046
36815
48152
93076
24546
29348
6356
99510
97235
95814
63562
88297
60144
67921
63960
57061
75598
19636
86063
93808
35706
38527
84266
30183
64323
49405
27186
59949
19970
81500
63945
25805
69252
63467
67949
82273
80010
86024
41331
73503
58554
49889
42518
54471
60607
36911
31813
81739
57211
56378
81357
82198
91987
57907
84426
98423
63338
27596
28948
82518
76958
38445
84936
87728
78399
95707
37033
82784
46124
89817
95521
50243
83051
95947
15893
50608
20279
73761
40268
25520
21945
97873
18211
93903
54050
67833
61561
59695
88429
89313
55608
26668
90939
20443
38586
36962
72647
30636
48194
85042
40961
93798
65653
79835
89298
65893
41772
72446
46329
38094
57932
61796
60914
37786
66025
9380
57514
42209
92982
72817
24476
8381
24292
85464
82785
71887
14964
87645
75169
48341
83815
64530
73326
64494
71299
43171
52974
42675
34167
36339
76417
74019
74611
65288
89185
88320
87700
70640
15727
98863
95798
25456
12297
53888
57590
70123
39878
50096
92861
88247
35266
45563
83776
61422
99222
67851
76883
49306
86157
90846
26123
21290
21461
95745
90476
84923
79561
67896
87038
91110
22304
80810
68617
86664
82364
70288
95867
98466
42726
93647
78201
67002
75751
92615
35937
50827
36574
19041
58793
76315
65287
65994
54530
49009
75021
2627
33099
43685
24110
13694
81248
76184
57562
33213
87787
86127
72480
36744
35451
56968
66176
48591
55367
57178
48561
65582
30075
40600
62269
85226
8526
68516
96529
40505
7833
94114
89770
91323
49548
24611
73734
73893
86790
98414
99442
28203
49696
56096
69591
91668
59224
62083
14489
75316
96636
43331
52323
6880
44479
76682
20582
91324
91760
66108
72393
83023
68796
85687
62227
63672
37518
78286
77467
78761
76936
55574
32448
70841
12872
50975
54332
57794
83479
81766
35813
49108
79236
60993
99747
46934
76212
51355
16843
3950
33874
77259
22043
60388
55990
21393
18639
90280
88180
87146
43516
62222
85356
64624
13764
48265
52295
97496
93279
72663
61138
64079
34900
73608
12657
46482
69216
99122
54983
89474
75235
49087
95964
69333
95620
16366
69893
52884
20215
81782
87243
73384
53318
60085
69410
9749
41153
99032
25522
37908
81594
94249
67422
4741
73622
53211
47489
66378
57850
30647
25076
53226
29747
93740
47057
89758
81887
88322
31138
90033
28640
98327
54339
93285
40221
78192
86649
26722
98656
82009
84812
73349
72123
5833
87436
24371
71812
65467
36456
32238
36930
41972
54425
69674
5505
18848
71609
10104
70218
78846
28154
59647
27655
69959
33173
57137
74662
42735
84152
25008
80441
68202
68755
64864
55068
71394
85002
43281
99797
22870
82115
48854
82065
4916
75194
88576
22834
40651
61560
79615
70844
27728
62446
81325
51028
75575
57397
65797
22560
22029
39174
33886
60912
96817
29105
78505
94252
16034
82552
54438
4502
83073
74064
44887
52285
42801
83047
86761
83926
94308
64099
93099
11748
43062
39194
44230
60214
21945
8874
30899
95746
63134
66737
55453
81330
80043
55276
57888
14977
61321
77542
50273
81907
72032
92168
68291
92981
83057
18114
98215
53955
81871
28969
43270
66193
31342
42844
81490
13898
31882
89155
57208
80652
74556
97552
74883
73466
78169
75607
95435
42379
1885
85092
42676
85951
56654
7433
89944
93071
3200
71577
77157
51187
39795
75546
65361
77833
96553
29976
48763
85786
96664
26597
97653
67459
88544
49102
67090
34945
22320
78331
61119
43147
70687
42561
83963
41217
94173
67233
93546
67462
54898
79278
98080
79750
41064
78884
54647
48206
61084
37081
83087
15089
57318
98038
41511
85215
54423
58354
59155
71374
65843
35104
71989
33732
56062
40870
78499
74840
38548
96475
65145
91606
29973
88435
74662
82752
68091
53291
92323
54527
83912
52022
59664
30930
71299
48388
51704
50449
33271
87155
37193
89498
54557
39563
79718
89934
37843
40629
98572
12765
27460
39383
6625
77191
44700
80530
73547
75576
96096
46717
58282
98040
58591
78671
88700
6558
48040
11673
51392
35273
69559
88535
57520
37727
28304
64725
45184
67054
54788
3634
74262
92349
72117
97755
67712
35950
23973
54603
21298
75340
49091
53882
47417
77573
98018
78394
87472
18486
74763
84807
56289
95495
96510
90045
79763
66511
85918
96478
88589
35538
71608
87189
85874
75572
77131
92488
50970
98683
54432
97989
70463
9749
97536
89714
96628
74994
71887
63942
84209
81402
34809
89486
94575
65960
52172
90754
94750
11718
88877
66587
59386
86443
36467
58424
22602
67016
79510
75892
95224
68460
38503
79158
28480
27802
32233
31113
68673
51594
628
42165
94415
81416
85548
22396
63788
48985
32217
51893
98871
89003
23139
71777
83161
48754
3497
81536
74014
33556
74998
88952
46807
57426
53862
67956
38069
43037
90855
69369
95702
2346
87189
97095
69751
88235
83354
41613
47840
97871
24708
24128
69467
40334
98675
7071
8722
94010
84185
64625
63660
98491
44007
31984
55492
94746
47058
75679
84105
21389
42066
74968
86930
63049
81479
99481
26652
87897
65976
95208
44279
98971
46031
24213
63626
45326
45486
22473
31196
97510
96954
49275
44564
25678
48396
92006
42415
63081
96970
21928
49245
84407
70145
82403
94883
64118
93254
32099
43947
31943
75776
26805
26189
74421
77178
67341
44510
57490
59867
99851
93799
61648
10063
71851
78457
83274
59023
73548
94072
51702
90826
94766
23478
94035
23785
78813
28273
20987
56010
30153
72637
71879
19046
76210
69931
62203
71565
13303
99571
91855
25712
73642
54355
8672
39935
34627
84187
23900
34625
29795
97060
29205
98022
57900
36967
54704
77676
24570
38270
56715
83312
7127
47368
21330
63838
72647
57929
26638
45018
86245
76203
91901
99889
92510
31776
32715
33061
88756
32566
78772
22109
44657
46170
85043
72182
81079
43885
45207
61194
57314
99555
64727
19894
91491
61235
23576
38530
57552
72229
44708
30232
83584
98518
50594
54787
55544
74875
11147
70445
39979
84588
54310
60222
61533
87158
78842
76140
24209
13634
83425
56382
40630
75590
50486
55118
55533
30134
13779
54406
97029
61784
91655
88207
45285
7017
85755
84028
81413
73504
89529
20077
33011
78442
32121
68506
52779
37722
54510
56269
26054
77558
59387
31475
53906
89049
43210
5152
78650
32861
29767
72623
78044
23290
44920
81402
87531
22332
36896
59470
97435
15765
56443
69432
73546
57070
86601
85451
73903
29901
41349
85974
86613
92149
78462
47012
38389
33833
13744
19634
83548
39656
36071
51144
3995
19259
8697
59125
42446
51520
27995
94237
94012
72421
33983
98824
83394
92814
80025
36043
85272
32656
61998
26466
42336
63272
4735
74168
98474
22852
58775
99042
72227
24963
60209
46933
33390
35593
93825
88006
63777
91492
61659
83609
66797
30436
89762
83919
60107
45461
20113
25382
75661
48889
51251
41816
79540
99890
2502
81094
6309
56269
63422
99936
46886
23637
23444
69230
84307
13234
55337
92622
49887
31151
92360
91929
55784
75171
44852
59086
95025
91440
48092
50276
46735
52031
16993
76594
73119
26186
85358
77244
98794
76699
85012
74237
34857
31208
33482
57384
49402
72259
86769
47113
93552
89565
37520
52755
17138
8612
81588
67880
81228
40762
60282
57830
53493
82997
79777
74999
19760
3925
77030
95982
99851
71914
56609
80169
51987
78437
52160
38302
80034
85770
84112
65841
87328
51514
37532
66140
87487
67876
30330
71568
77494
27287
47142
39546
12672
52339
92650
41172
61618
9934
93130
60279
13247
66210
42967
74947
97358
66465
84172
6081
28107
14632
94945
91988
81864
70502
12209
84534
91639
11707
60512
87769
95264
71182
66809
83197
86679
32022
54746
99768
88858
71340
95917
42873
95934
38512
53990
65072
96864
45041
29868
74939
71359
47224
56065
59304
57939
62341
32448
74114
98875
17529
55256
31620
51557
48495
55516
30673
46744
43992
41953
80435
78006
61864
92481
55185
86738
48782
88017
7420
79816
37349
33993
29367
78621
77953
44105
76066
79716
56372
78682
81058
16973
56104
59208
44561
97359
75991
98986
68201
82521
92331
37244
63649
25065
18367
64279
82472
20796
86239
8888
51729
61764
62477
65780
71058
91117
90243
83852
53474
15105
69708
67322
76986
8620
80433
87984
23754
12975
81943
55965
27054
38960
51332
99238
94039
94591
73961
42132
81722
88271
80087
67801
52543
59599
59529
69738
50589
45072
47842
73367
85566
82425
44198
25970
82612
88081
78293
82890
6095
65320
90754
84909
86724
75965
79571
23166
32629
98763
27989
48658
71676
78492
97121
80803
64476
90002
31631
28882
52800
25959
70530
82299
43095
96335
38497
14386
57055
76492
42286
94951
36120
93605
32320
37817
43685
54371
15265
69994
43749
62145
94542
99102
30659
62319
93803
94020
70787
73093
26463
73019
80187
17064
80410
10081
13546
76909
81460
43726
27171
99036
83256
27175
40128
58721
69316
26343
75480
41144
81317
70379
89364
81230
41355
65044
63704
61658
76460
71442
34520
75769
78253
64477
78221
83281
80069
61907
98112
44795
902
13475
6621
30901
96667
32382
63689
35021
91810
28377
86198
26299
78838
37242
64044
30830
49380
78392
35787
44008
73657
79991
41688
83162
75992
81389
46003
50485
28595
99304
86114
90181
90789
25537
92696
91732
78637
38980
3084
56084
44417
99502
77863
85670
70416
15447
31458
83571
42688
81524
11356
66296
61328
2222
23885
76190
98558
45865
58381
49783
77410
34380
82928
63816
68818
38484
87140
77460
26405
77037
57198
37777
61621
5512
16347
81500
11963
35327
50180
33776
60834
97408
93389
8404
54548
93993
89887
70917
60190
69342
97282
2997
83071
65483
70169
77660
75577
59485
48168
81876
69680
27951
93003
74038
98624
97254
10571
5290
87628
59594
45305
99688
25141
95104
68521
92375
84227
59601
55025
33151
93368
99913
63357
41184
96105
40972
41714
78642
27620
72866
28850
99599
34620
73891
37338
72809
89447
75895
81690
90917
87501
75734
75553
28772
31739
96016
99299
97778
43428
74203
42631
62712
78490
84880
60476
80005
66676
93543
53131
89874
52238
78161
65145
57729
67487
57409
66497
72768
64819
37868
49455
90610
46618
90167
72579
85476
51689
69310
48547
86437
91673
41778
45815
35859
99459
35927
14974
48657
33809
63058
72479
76322
44873
67706
5373
10462
33364
90799
93656
77691
97503
74731
48613
74926
69548
20571
40122
49402
75227
73861
71248
10348
57508
62091
69726
58781
72292
48370
89602
27284
93981
73915
61099
93642
94669
65980
68177
84207
90943
40445
82203
32526
65440
79038
72576
64023
29264
60426
97050
75743
54273
73986
34400
74850
37193
38325
99345
65940
84450
71840
85123
68569
99003
80524
15765
87770
54915
13386
77179
47360
58200
55263
89238
77303
48440
51613
52761
73479
41648
72408
29229
60152
42516
69107
73472
97488
66803
91868
90303
62431
85346
90661
86465
40038
91422
18227
73342
27287
63719
19630
9461
63213
86218
48655
80229
57144
1248
45656
81525
64880
96463
55062
77836
98140
59434
81679
51237
9316
75983
63029
1758
28743
84328
23421
31087
48690
87757
97353
95552
39851
29613
68550
83212
51007
97221
85793
37997
89653
34939
63859
86885
74331
88271
3776
99878
60249
75169
77815
23014
37022
44502
94552
69750
93526
92839
72613
86284
67203
10943
72941
65991
56662
78338
5731
77400
25607
76938
60475
20713
48483
44088
31098
62221
78560
55700
58083
20412
98650
31555
97079
79836
92398
59194
46043
57209
46949
90022
80723
44085
65289
43485
70530
54466
56604
89911
93461
92719
88712
90348
65180
80028
97907
75544
96111
54263
98792
25087
74975
38500
57201
67423
82308
54151
62595
85463
24757
38587
87385
90066
43462
98729
48163
81424
99435
75492
11185
87718
69159
67828
62408
43620
99426
36794
43011
82684
48434
66529
29585
93254
87882
89558
29072
25355
44100
83375
71995
88818
48437
99244
90798
71385
98396
11744
89460
77755
70604
81093
69102
33950
60434
92200
59841
57146
75639
84415
99853
96390
86209
86482
79921
84896
77552
99459
45990
54277
81779
2032
75824
59713
64766
82846
88054
56001
54687
59213
87897
84168
71553
44805
32557
97029
78261
88657
90941
29838
94735
25797
67458
78043
56983
73103
54717
46747
57247
38519
78084
46958
69118
76931
90217
97461
49091
13262
21406
38691
52659
55971
85415
45781
3187
65168
52549
20685
60209
10813
12597
68081
31530
78234
63360
85705
61422
32134
35348
22201
61395
66480
22081
66506
87375
81770
85590
78010
51077
75622
28221
42592
85457
55263
51003
93364
56401
59045
53079
93473
2867
73129
57796
38279
88214
23308
40521
45952
72509
98480
61816
68613
79249
29400
69558
89133
31342
93583
46170
97485
81801
81198
80744
65194
19933
31766
29147
32667
90567
91841
66752
35422
41171
37072
77217
97352
88052
87966
30861
29804
72361
65244
80545
36541
76327
87928
55805
76161
68705
57976
97042
61440
84201
45305
58134
98557
82518
48354
78061
76295
41584
48353
92052
80063
53921
34899
96638
21180
19416
12250
85922
40747
90957
61200
80059
47073
65680
34206
85282
58581
83433
33481
69617
93612
13990
82571
81823
23469
82034
92992
65241
16438
28387
85369
77228
48894
53779
5390
90125
1882
21213
98643
14300
78206
85084
74777
36646
62163
94661
73587
82264
83970
21205
28693
41591
21512
84643
96506
74969
68018
94963
75852
47506
10645
41448
34789
17876
92457
24468
64248
84426
87804
85988
84362
9753
92226
73641
50997
89775
29239
35498
6901
97094
33462
53209
37602
86259
36517
28023
65906
87513
55486
51063
94420
79287
88291
81461
30115
91426
78101
46443
98620
61481
21298
29090
92787
8829
17890
71105
38338
20238
97880
66519
65987
41111
78583
61746
36605
22870
79410
77809
17155
71810
72052
26565
42361
63066
96012
71684
42004
55141
49082
62129
90947
43908
69661
45235
41056
92397
9014
39848
89601
51819
41451
2169
41499
44387
89174
44202
40568
76675
74335
67229
29503
99207
31005
22593
59335
69486
75615
93900
51712
91660
13538
53708
40321
84046
84335
29080
96608
85056
63175
49831
87262
39645
91530
79988
34268
16830
38077
92281
58765
79732
22822
89639
72799
45783
15046
74833
24071
65182
3769
91546
33167
72850
95778
63495
90512
29831
45209
49113
54064
70332
6860
27866
8698
79234
70919
50501
11858
77463
48362
77501
65012
91198
26801
44580
56238
79227
66968
72231
49195
30293
67450
56902
53200
90276
82088
35134
91460
57320
47600
88278
92597
75449
30498
92823
34631
35332
36613
69948
85620
96898
66941
46114
24895
86773
54387
91453
75258
78895
30932
88106
78408
49570
63627
53959
96092
95920
99239
92604
94522
97790
87130
96773
88847
77648
36122
98908
63169
27805
77989
56404
65324
53583
27060
21399
41913
86842
41133
7782
4054
66110
67534
20184
29846
21219
84526
73305
31630
92340
59803
96622
65629
47110
39463
53093
73023
29752
78585
37879
84566
77311
89820
58447
34612
96490
13580
28833
76574
18674
63536
92256
23671
85374
45227
87359
56997
93165
60207
84617
91133
80095
74217
80021
17573
99529
83735
50371
38214
47997
6672
24508
16376
26837
85635
20423
92559
65160
25796
79260
74683
95959
74284
82174
67739
69431
81876
54430
44314
49344
92719
94198
86635
84755
97276
88502
42727
46727
53232
99224
75421
28084
95296
71899
80131
85908
23712
90829
87506
55479
26956
89443
87343
52632
97772
96567
36860
63192
32010
88115
72683
92845
59669
31832
75607
64660
75094
63389
22975
96264
84226
42994
90784
98690
57626
50646
31729
43054
59866
54923
77417
54385
6388
74894
66497
99163
31453
88160
73706
67423
71401
75515
94262
87638
94525
5951
97457
37315
10813
79650
27459
44383
42956
10221
59028
33923
28416
67398
88981
25860
46650
71798
24850
91783
73067
29322
66596
24789
35578
89573
10892
72897
90851
52729
88238
79688
85061
13465
76949
61923
88652
99596
81301
75513
77108
82196
95337
47282
32149
98722
3858
83469
62597
14386
97929
38617
83905
74530
60836
85454
31478
67119
36603
62057
55706
84535
71890
63246
69571
93860
64650
70430
99915
19399
11352
61105
88853
53380
50468
76861
57884
81294
90410
96963
38522
95470
81752
46655
43562
75119
87257
14094
97149
13316
13547
86493
67857
33907
76206
98939
79893
92361
64651
79742
21973
95829
23786
39844
59066
70379
71349
76747
71883
55940
57874
35741
85392
23219
48187
30837
90523
48610
52938
67945
91982
20053
76818
50786
94774
78440
65947
36789
88072
97490
95670
38568
71342
33203
77205
52634
86697
40166
47666
40498
46732
64030
95211
20247
93529
52244
95063
24446
73067
74385
75148
38730
96971
71642
66679
47965
92371
42441
27275
3567
96775
60129
79324
67111
41151
53882
27046
26815
14771
9024
74146
93777
57534
86801
57056
54667
78880
88650
97225
43296
14322
87376
67579
98087
96611
83339
63224
69673
