199 100
2 1 57
3 2 96
4 2 91
5 1 69
6 2 75
7 3 4
8 7 50
9 3 40
10 4 75
11 5 16
12 9 60
13 12 63
14 3 4
15 6 67
16 7 1
17 1 3
18 14 13
19 13 98
20 4 1
21 16 23
22 2 46
23 6 30
24 16 7
25 13 34
26 25 33
27 16 87
28 6 10
29 26 87
30 20 45
31 25 3
32 22 17
33 21 53
34 19 59
35 2 31
36 1 20
37 9 87
38 4 84
39 14 12
40 15 37
41 29 22
42 17 99
43 10 13
44 12 10
45 30 73
46 7 4
47 9 51
48 44 36
49 42 49
50 30 5
51 26 53
52 44 37
53 44 92
54 6 7
55 23 9
56 5 53
57 27 63
58 55 90
59 21 10
60 57 78
61 41 57
62 39 61
63 2 1
64 14 61
65 17 42
66 46 33
67 11 44
68 27 37
69 3 88
70 30 43
71 57 37
72 30 29
73 59 49
74 4 78
75 55 69
76 25 92
77 61 87
78 30 83
79 14 100
80 21 41
81 53 12
82 52 87
83 43 93
84 57 43
85 77 17
86 33 79
87 47 83
88 34 55
89 60 29
90 71 40
91 34 90
92 74 26
93 73 88
94 32 68
95 54 56
96 9 32
97 50 32
98 97 74
99 30 92
100 82 55
12 85 56
18 95 38
2 24 20
91 25 12
19 50 47
38 10 34
97 17 24
28 36 55
3 9 24
57 29 15
93 84 74
88 74 37
63 45 55
87 8 8
88 54 50
98 39 21
14 63 58
49 17 55
10 41 34
90 7 37
25 33 45
98 69 38
43 75 77
2 34 91
56 84 77
94 56 64
56 13 13
25 19 79
65 53 79
23 41 40
55 85 29
76 74 54
50 2 3
36 92 97
19 20 99
74 84 54
38 48 99
9 26 55
13 5 31
53 96 95
37 25 69
11 30 24
12 84 99
56 81 100
75 79 35
58 84 53
58 82 78
83 88 68
39 18 28
35 64 40
11 33 92
92 8 28
75 6 90
55 5 54
85 40 9
68 44 83
2 74 93
41 93 50
11 20 84
26 59 75
58 50 61
17 29 71
22 19 62
79 24 36
70 32 43
13 66 27
38 10 47
30 11 100
49 47 40
7 21 50
8 81 28
37 3 37
7 16 54
30 3 75
13 45 5
30 24 74
40 70 39
50 21 76
96 60 6
68 62 6
100 89 65
2 25 72
17 30 60
20 5 66
16 61 47
39 35 11
60 73 41
80 100 80
92 57 81
53 63 29
93 27 96
69 50 48
99 62 49
55 27 18
15 26 89
1 36 4
25 76 95
25 7 6
81 40 86
95 68 77
