0,0,0,0 -> 0,26,0,0 : 0
0,0,0,1 -> 0,26,26,1 : 26
0,1,0,0 -> 0,26,1,0 : 1
0,2,0,0 -> 0,26,2,0 : 2
0,3,0,0 -> 0,26,3,0 : 3
0,4,0,0 -> 0,26,4,0 : 4
0,5,0,0 -> 0,26,5,0 : 5
0,6,0,0 -> 0,26,6,0 : 6
0,7,0,0 -> 0,26,7,0 : 7
0,8,0,0 -> 0,26,8,0 : 8
0,9,0,0 -> 0,26,9,0 : 9
0,10,0,0 -> 0,26,10,0 : 10
0,11,0,0 -> 0,26,11,0 : 11
0,12,0,0 -> 0,26,12,0 : 12
0,13,0,0 -> 0,26,13,0 : 13
0,14,0,0 -> 0,26,14,0 : 14
0,15,0,0 -> 0,26,15,0 : 15
0,16,0,0 -> 0,26,16,0 : 16
0,17,0,0 -> 0,26,17,0 : 17
0,18,0,0 -> 0,26,18,0 : 18
0,19,0,0 -> 0,26,19,0 : 19
0,20,0,0 -> 0,26,20,0 : 20
0,21,0,0 -> 0,26,21,0 : 21
0,22,0,0 -> 0,26,22,0 : 22
0,23,0,0 -> 0,26,23,0 : 23
0,24,0,0 -> 0,26,24,0 : 24
0,25,0,0 -> 0,26,25,0 : 25
0,26,0,0 -> 0,26,26,0 : 26
0,26,0,1 -> 0,26,26,1 : 26
0,26,26,0 -> 0,0,0,0 : 0
0,26,26,1 -> 0,0,0,1 : 0
0,26,26,0 -> 1,0,0,0 : 0
0,26,26,1 -> 1,0,0,1 : 0
0,26,26,0 -> 2,0,0,0 : 0
0,26,26,1 -> 2,0,0,1 : 0
0,26,26,0 -> 3,0,0,0 : 0
0,26,26,1 -> 3,0,0,1 : 0
0,26,26,0 -> 4,0,0,0 : 0
0,26,26,1 -> 4,0,0,1 : 0
0,26,26,0 -> 5,0,0,0 : 0
0,26,26,1 -> 5,0,0,1 : 0
0,26,26,0 -> 6,0,0,0 : 0
0,26,26,1 -> 6,0,0,1 : 0
0,26,26,0 -> 7,0,0,0 : 0
0,26,26,1 -> 7,0,0,1 : 0
1,0,0,0 -> 1,27,0,0 : 0
1,0,0,1 -> 1,27,27,1 : 27
1,1,0,0 -> 1,27,1,0 : 1
1,2,0,0 -> 1,27,2,0 : 2
1,3,0,0 -> 1,27,3,0 : 3
1,4,0,0 -> 1,27,4,0 : 4
1,5,0,0 -> 1,27,5,0 : 5
1,6,0,0 -> 1,27,6,0 : 6
1,7,0,0 -> 1,27,7,0 : 7
1,8,0,0 -> 1,27,8,0 : 8
1,9,0,0 -> 1,27,9,0 : 9
1,10,0,0 -> 1,27,10,0 : 10
1,11,0,0 -> 1,27,11,0 : 11
1,12,0,0 -> 1,27,12,0 : 12
1,13,0,0 -> 1,27,13,0 : 13
1,14,0,0 -> 1,27,14,0 : 14
1,15,0,0 -> 1,27,15,0 : 15
1,16,0,0 -> 1,27,16,0 : 16
1,17,0,0 -> 1,27,17,0 : 17
1,18,0,0 -> 1,27,18,0 : 18
1,19,0,0 -> 1,27,19,0 : 19
1,20,0,0 -> 1,27,20,0 : 20
1,21,0,0 -> 1,27,21,0 : 21
1,22,0,0 -> 1,27,22,0 : 22
1,23,0,0 -> 1,27,23,0 : 23
1,24,0,0 -> 1,27,24,0 : 24
1,25,0,0 -> 1,27,25,0 : 25
1,26,0,0 -> 1,27,26,0 : 26
1,27,0,0 -> 1,27,27,0 : 27
1,27,0,1 -> 1,27,27,1 : 27
1,27,27,0 -> 0,0,0,0 : 0
1,27,27,1 -> 0,0,0,1 : 0
1,27,27,0 -> 1,0,0,0 : 0
1,27,27,1 -> 1,0,0,1 : 0
1,27,27,0 -> 2,0,0,0 : 0
1,27,27,1 -> 2,0,0,1 : 0
1,27,27,0 -> 3,0,0,0 : 0
1,27,27,1 -> 3,0,0,1 : 0
1,27,27,0 -> 4,0,0,0 : 0
1,27,27,1 -> 4,0,0,1 : 0
1,27,27,0 -> 5,0,0,0 : 0
1,27,27,1 -> 5,0,0,1 : 0
1,27,27,0 -> 6,0,0,0 : 0
1,27,27,1 -> 6,0,0,1 : 0
1,27,27,0 -> 7,0,0,0 : 0
1,27,27,1 -> 7,0,0,1 : 0
2,0,0,0 -> 2,30,0,0 : 0
2,0,0,1 -> 2,30,30,1 : 30
2,1,0,0 -> 2,30,1,0 : 1
2,2,0,0 -> 2,30,2,0 : 2
2,3,0,0 -> 2,30,3,0 : 3
2,4,0,0 -> 2,30,4,0 : 4
2,5,0,0 -> 2,30,5,0 : 5
2,6,0,0 -> 2,30,6,0 : 6
2,7,0,0 -> 2,30,7,0 : 7
2,8,0,0 -> 2,30,8,0 : 8
2,9,0,0 -> 2,30,9,0 : 9
2,10,0,0 -> 2,30,10,0 : 10
2,11,0,0 -> 2,30,11,0 : 11
2,12,0,0 -> 2,30,12,0 : 12
2,13,0,0 -> 2,30,13,0 : 13
2,14,0,0 -> 2,30,14,0 : 14
2,15,0,0 -> 2,30,15,0 : 15
2,16,0,0 -> 2,30,16,0 : 16
2,17,0,0 -> 2,30,17,0 : 17
2,18,0,0 -> 2,30,18,0 : 18
2,19,0,0 -> 2,30,19,0 : 19
2,20,0,0 -> 2,30,20,0 : 20
2,21,0,0 -> 2,30,21,0 : 21
2,22,0,0 -> 2,30,22,0 : 22
2,23,0,0 -> 2,30,23,0 : 23
2,24,0,0 -> 2,30,24,0 : 24
2,25,0,0 -> 2,30,25,0 : 25
2,26,0,0 -> 2,30,26,0 : 26
2,27,0,0 -> 2,30,27,0 : 27
2,28,0,0 -> 2,30,28,0 : 28
2,29,0,0 -> 2,30,29,0 : 29
2,30,0,0 -> 2,30,30,0 : 30
2,30,0,1 -> 2,30,30,1 : 30
2,30,30,0 -> 0,0,0,0 : 0
2,30,30,1 -> 0,0,0,1 : 0
2,30,30,0 -> 1,0,0,0 : 0
2,30,30,1 -> 1,0,0,1 : 0
2,30,30,0 -> 2,0,0,0 : 0
2,30,30,1 -> 2,0,0,1 : 0
2,30,30,0 -> 3,0,0,0 : 0
2,30,30,1 -> 3,0,0,1 : 0
2,30,30,0 -> 4,0,0,0 : 0
2,30,30,1 -> 4,0,0,1 : 0
2,30,30,0 -> 5,0,0,0 : 0
2,30,30,1 -> 5,0,0,1 : 0
2,30,30,0 -> 6,0,0,0 : 0
2,30,30,1 -> 6,0,0,1 : 0
2,30,30,0 -> 7,0,0,0 : 0
2,30,30,1 -> 7,0,0,1 : 0
3,0,0,0 -> 3,31,0,0 : 0
3,0,0,1 -> 3,31,31,1 : 31
3,1,0,0 -> 3,31,1,0 : 1
3,2,0,0 -> 3,31,2,0 : 2
3,3,0,0 -> 3,31,3,0 : 3
3,4,0,0 -> 3,31,4,0 : 4
3,5,0,0 -> 3,31,5,0 : 5
3,6,0,0 -> 3,31,6,0 : 6
3,7,0,0 -> 3,31,7,0 : 7
3,8,0,0 -> 3,31,8,0 : 8
3,9,0,0 -> 3,31,9,0 : 9
3,10,0,0 -> 3,31,10,0 : 10
3,11,0,0 -> 3,31,11,0 : 11
3,12,0,0 -> 3,31,12,0 : 12
3,13,0,0 -> 3,31,13,0 : 13
3,14,0,0 -> 3,31,14,0 : 14
3,15,0,0 -> 3,31,15,0 : 15
3,16,0,0 -> 3,31,16,0 : 16
3,17,0,0 -> 3,31,17,0 : 17
3,18,0,0 -> 3,31,18,0 : 18
3,19,0,0 -> 3,31,19,0 : 19
3,20,0,0 -> 3,31,20,0 : 20
3,21,0,0 -> 3,31,21,0 : 21
3,22,0,0 -> 3,31,22,0 : 22
3,23,0,0 -> 3,31,23,0 : 23
3,24,0,0 -> 3,31,24,0 : 24
3,25,0,0 -> 3,31,25,0 : 25
3,26,0,0 -> 3,31,26,0 : 26
3,27,0,0 -> 3,31,27,0 : 27
3,28,0,0 -> 3,31,28,0 : 28
3,29,0,0 -> 3,31,29,0 : 29
3,30,0,0 -> 3,31,30,0 : 30
3,31,0,0 -> 3,31,31,0 : 31
3,31,0,1 -> 3,31,31,1 : 31
3,31,31,0 -> 0,0,0,0 : 0
3,31,31,1 -> 0,0,0,1 : 0
3,31,31,0 -> 1,0,0,0 : 0
3,31,31,1 -> 1,0,0,1 : 0
3,31,31,0 -> 2,0,0,0 : 0
3,31,31,1 -> 2,0,0,1 : 0
3,31,31,0 -> 3,0,0,0 : 0
3,31,31,1 -> 3,0,0,1 : 0
3,31,31,0 -> 4,0,0,0 : 0
3,31,31,1 -> 4,0,0,1 : 0
3,31,31,0 -> 5,0,0,0 : 0
3,31,31,1 -> 5,0,0,1 : 0
3,31,31,0 -> 6,0,0,0 : 0
3,31,31,1 -> 6,0,0,1 : 0
3,31,31,0 -> 7,0,0,0 : 0
3,31,31,1 -> 7,0,0,1 : 0
4,0,0,0 -> 4,32,0,0 : 0
4,0,0,1 -> 4,32,32,1 : 32
4,1,0,0 -> 4,32,1,0 : 1
4,2,0,0 -> 4,32,2,0 : 2
4,3,0,0 -> 4,32,3,0 : 3
4,4,0,0 -> 4,32,4,0 : 4
4,5,0,0 -> 4,32,5,0 : 5
4,6,0,0 -> 4,32,6,0 : 6
4,7,0,0 -> 4,32,7,0 : 7
4,8,0,0 -> 4,32,8,0 : 8
4,9,0,0 -> 4,32,9,0 : 9
4,10,0,0 -> 4,32,10,0 : 10
4,11,0,0 -> 4,32,11,0 : 11
4,12,0,0 -> 4,32,12,0 : 12
4,13,0,0 -> 4,32,13,0 : 13
4,14,0,0 -> 4,32,14,0 : 14
4,15,0,0 -> 4,32,15,0 : 15
4,16,0,0 -> 4,32,16,0 : 16
4,17,0,0 -> 4,32,17,0 : 17
4,18,0,0 -> 4,32,18,0 : 18
4,19,0,0 -> 4,32,19,0 : 19
4,20,0,0 -> 4,32,20,0 : 20
4,21,0,0 -> 4,32,21,0 : 21
4,22,0,0 -> 4,32,22,0 : 22
4,23,0,0 -> 4,32,23,0 : 23
4,24,0,0 -> 4,32,24,0 : 24
4,25,0,0 -> 4,32,25,0 : 25
4,26,0,0 -> 4,32,26,0 : 26
4,27,0,0 -> 4,32,27,0 : 27
4,28,0,0 -> 4,32,28,0 : 28
4,29,0,0 -> 4,32,29,0 : 29
4,30,0,0 -> 4,32,30,0 : 30
4,31,0,0 -> 4,32,31,0 : 31
4,32,0,0 -> 4,32,32,0 : 32
4,32,0,1 -> 4,32,32,1 : 32
4,32,32,0 -> 0,0,0,0 : 0
4,32,32,1 -> 0,0,0,1 : 0
4,32,32,0 -> 1,0,0,0 : 0
4,32,32,1 -> 1,0,0,1 : 0
4,32,32,0 -> 2,0,0,0 : 0
4,32,32,1 -> 2,0,0,1 : 0
4,32,32,0 -> 3,0,0,0 : 0
4,32,32,1 -> 3,0,0,1 : 0
4,32,32,0 -> 4,0,0,0 : 0
4,32,32,1 -> 4,0,0,1 : 0
4,32,32,0 -> 5,0,0,0 : 0
4,32,32,1 -> 5,0,0,1 : 0
4,32,32,0 -> 6,0,0,0 : 0
4,32,32,1 -> 6,0,0,1 : 0
4,32,32,0 -> 7,0,0,0 : 0
4,32,32,1 -> 7,0,0,1 : 0
5,0,0,0 -> 5,39,0,0 : 0
5,0,0,1 -> 5,39,39,1 : 39
5,1,0,0 -> 5,39,1,0 : 1
5,2,0,0 -> 5,39,2,0 : 2
5,3,0,0 -> 5,39,3,0 : 3
5,4,0,0 -> 5,39,4,0 : 4
5,5,0,0 -> 5,39,5,0 : 5
5,6,0,0 -> 5,39,6,0 : 6
5,7,0,0 -> 5,39,7,0 : 7
5,8,0,0 -> 5,39,8,0 : 8
5,9,0,0 -> 5,39,9,0 : 9
5,10,0,0 -> 5,39,10,0 : 10
5,11,0,0 -> 5,39,11,0 : 11
5,12,0,0 -> 5,39,12,0 : 12
5,13,0,0 -> 5,39,13,0 : 13
5,14,0,0 -> 5,39,14,0 : 14
5,15,0,0 -> 5,39,15,0 : 15
5,16,0,0 -> 5,39,16,0 : 16
5,17,0,0 -> 5,39,17,0 : 17
5,18,0,0 -> 5,39,18,0 : 18
5,19,0,0 -> 5,39,19,0 : 19
5,20,0,0 -> 5,39,20,0 : 20
5,21,0,0 -> 5,39,21,0 : 21
5,22,0,0 -> 5,39,22,0 : 22
5,23,0,0 -> 5,39,23,0 : 23
5,24,0,0 -> 5,39,24,0 : 24
5,25,0,0 -> 5,39,25,0 : 25
5,26,0,0 -> 5,39,26,0 : 26
5,27,0,0 -> 5,39,27,0 : 27
5,28,0,0 -> 5,39,28,0 : 28
5,29,0,0 -> 5,39,29,0 : 29
5,30,0,0 -> 5,39,30,0 : 30
5,31,0,0 -> 5,39,31,0 : 31
5,32,0,0 -> 5,39,32,0 : 32
5,33,0,0 -> 5,39,33,0 : 33
5,34,0,0 -> 5,39,34,0 : 34
5,35,0,0 -> 5,39,35,0 : 35
5,36,0,0 -> 5,39,36,0 : 36
5,37,0,0 -> 5,39,37,0 : 37
5,38,0,0 -> 5,39,38,0 : 38
5,39,0,0 -> 5,39,39,0 : 39
5,39,0,1 -> 5,39,39,1 : 39
5,39,39,0 -> 0,0,0,0 : 0
5,39,39,1 -> 0,0,0,1 : 0
5,39,39,0 -> 1,0,0,0 : 0
5,39,39,1 -> 1,0,0,1 : 0
5,39,39,0 -> 2,0,0,0 : 0
5,39,39,1 -> 2,0,0,1 : 0
5,39,39,0 -> 3,0,0,0 : 0
5,39,39,1 -> 3,0,0,1 : 0
5,39,39,0 -> 4,0,0,0 : 0
5,39,39,1 -> 4,0,0,1 : 0
5,39,39,0 -> 5,0,0,0 : 0
5,39,39,1 -> 5,0,0,1 : 0
5,39,39,0 -> 6,0,0,0 : 0
5,39,39,1 -> 6,0,0,1 : 0
5,39,39,0 -> 7,0,0,0 : 0
5,39,39,1 -> 7,0,0,1 : 0
6,0,0,0 -> 6,41,0,0 : 0
6,0,0,1 -> 6,41,41,1 : 41
6,1,0,0 -> 6,41,1,0 : 1
6,2,0,0 -> 6,41,2,0 : 2
6,3,0,0 -> 6,41,3,0 : 3
6,4,0,0 -> 6,41,4,0 : 4
6,5,0,0 -> 6,41,5,0 : 5
6,6,0,0 -> 6,41,6,0 : 6
6,7,0,0 -> 6,41,7,0 : 7
6,8,0,0 -> 6,41,8,0 : 8
6,9,0,0 -> 6,41,9,0 : 9
6,10,0,0 -> 6,41,10,0 : 10
6,11,0,0 -> 6,41,11,0 : 11
6,11,11,0 -> 6,41,11,0 : 0
6,11,11,1 -> 6,41,41,1 : 30
6,12,0,0 -> 6,41,12,0 : 12
6,12,11,0 -> 6,41,12,0 : 1
6,13,0,0 -> 6,41,13,0 : 13
6,13,11,0 -> 6,41,13,0 : 2
6,14,0,0 -> 6,41,14,0 : 14
6,14,11,0 -> 6,41,14,0 : 3
6,15,0,0 -> 6,41,15,0 : 15
6,15,11,0 -> 6,41,15,0 : 4
6,16,0,0 -> 6,41,16,0 : 16
6,16,11,0 -> 6,41,16,0 : 5
6,17,0,0 -> 6,41,17,0 : 17
6,17,11,0 -> 6,41,17,0 : 6
6,18,0,0 -> 6,41,18,0 : 18
6,18,11,0 -> 6,41,18,0 : 7
6,19,0,0 -> 6,41,19,0 : 19
6,19,11,0 -> 6,41,19,0 : 8
6,20,0,0 -> 6,41,20,0 : 20
6,20,11,0 -> 6,41,20,0 : 9
6,21,0,0 -> 6,41,21,0 : 21
6,21,11,0 -> 6,41,21,0 : 10
6,22,0,0 -> 6,41,22,0 : 22
6,22,11,0 -> 6,41,22,0 : 11
6,23,0,0 -> 6,41,23,0 : 23
6,23,11,0 -> 6,41,23,0 : 12
6,24,0,0 -> 6,41,24,0 : 24
6,24,11,0 -> 6,41,24,0 : 13
6,25,0,0 -> 6,41,25,0 : 25
6,25,11,0 -> 6,41,25,0 : 14
6,26,0,0 -> 6,41,26,0 : 26
6,26,11,0 -> 6,41,26,0 : 15
6,27,0,0 -> 6,41,27,0 : 27
6,27,11,0 -> 6,41,27,0 : 16
6,28,0,0 -> 6,41,28,0 : 28
6,28,11,0 -> 6,41,28,0 : 17
6,29,0,0 -> 6,41,29,0 : 29
6,29,11,0 -> 6,41,29,0 : 18
6,30,0,0 -> 6,41,30,0 : 30
6,30,11,0 -> 6,41,30,0 : 19
6,31,0,0 -> 6,41,31,0 : 31
6,31,11,0 -> 6,41,31,0 : 20
6,32,0,0 -> 6,41,32,0 : 32
6,32,11,0 -> 6,41,32,0 : 21
6,33,0,0 -> 6,41,33,0 : 33
6,33,11,0 -> 6,41,33,0 : 22
6,34,0,0 -> 6,41,34,0 : 34
6,34,11,0 -> 6,41,34,0 : 23
6,35,0,0 -> 6,41,35,0 : 35
6,35,11,0 -> 6,41,35,0 : 24
6,36,0,0 -> 6,41,36,0 : 36
6,36,11,0 -> 6,41,36,0 : 25
6,37,0,0 -> 6,41,37,0 : 37
6,37,11,0 -> 6,41,37,0 : 26
6,38,0,0 -> 6,41,38,0 : 38
6,38,11,0 -> 6,41,38,0 : 27
6,39,0,0 -> 6,41,39,0 : 39
6,39,11,0 -> 6,41,39,0 : 28
6,40,0,0 -> 6,41,40,0 : 40
6,40,11,0 -> 6,41,40,0 : 29
6,41,0,0 -> 6,41,41,0 : 41
6,41,0,1 -> 6,41,41,1 : 41
6,41,11,0 -> 6,41,41,0 : 30
6,41,11,1 -> 6,41,41,1 : 30
6,41,41,0 -> 0,0,0,0 : 0
6,41,41,1 -> 0,0,0,1 : 0
6,41,41,0 -> 1,0,0,0 : 0
6,41,41,1 -> 1,0,0,1 : 0
6,41,41,0 -> 2,0,0,0 : 0
6,41,41,1 -> 2,0,0,1 : 0
6,41,41,0 -> 3,0,0,0 : 0
6,41,41,1 -> 3,0,0,1 : 0
6,41,41,0 -> 4,0,0,0 : 0
6,41,41,1 -> 4,0,0,1 : 0
6,41,41,0 -> 5,0,0,0 : 0
6,41,41,1 -> 5,0,0,1 : 0
6,41,41,0 -> 6,0,0,0 : 0
6,41,41,1 -> 6,0,0,1 : 0
6,41,41,0 -> 7,0,0,0 : 0
6,41,41,1 -> 7,0,0,1 : 0
7,0,0,0 -> 7,50,0,0 : 0
7,0,0,1 -> 7,50,50,1 : 50
7,1,0,0 -> 7,50,1,0 : 1
7,2,0,0 -> 7,50,2,0 : 2
7,3,0,0 -> 7,50,3,0 : 3
7,4,0,0 -> 7,50,4,0 : 4
7,5,0,0 -> 7,50,5,0 : 5
7,6,0,0 -> 7,50,6,0 : 6
7,7,0,0 -> 7,50,7,0 : 7
7,8,0,0 -> 7,50,8,0 : 8
7,9,0,0 -> 7,50,9,0 : 9
7,10,0,0 -> 7,50,10,0 : 10
7,11,0,0 -> 7,50,11,0 : 11
7,12,0,0 -> 7,50,12,0 : 12
7,13,0,0 -> 7,50,13,0 : 13
7,14,0,0 -> 7,50,14,0 : 14
7,15,0,0 -> 7,50,15,0 : 15
7,16,0,0 -> 7,50,16,0 : 16
7,17,0,0 -> 7,50,17,0 : 17
7,18,0,0 -> 7,50,18,0 : 18
7,19,0,0 -> 7,50,19,0 : 19
7,20,0,0 -> 7,50,20,0 : 20
7,21,0,0 -> 7,50,21,0 : 21
7,22,0,0 -> 7,50,22,0 : 22
7,23,0,0 -> 7,50,23,0 : 23
7,24,0,0 -> 7,50,24,0 : 24
7,25,0,0 -> 7,50,25,0 : 25
7,26,0,0 -> 7,50,26,0 : 26
7,27,0,0 -> 7,50,27,0 : 27
7,28,0,0 -> 7,50,28,0 : 28
7,29,0,0 -> 7,50,29,0 : 29
7,30,0,0 -> 7,50,30,0 : 30
7,31,0,0 -> 7,50,31,0 : 31
7,32,0,0 -> 7,50,32,0 : 32
7,33,0,0 -> 7,50,33,0 : 33
7,34,0,0 -> 7,50,34,0 : 34
7,35,0,0 -> 7,50,35,0 : 35
7,36,0,0 -> 7,50,36,0 : 36
7,37,0,0 -> 7,50,37,0 : 37
7,38,0,0 -> 7,50,38,0 : 38
7,39,0,0 -> 7,50,39,0 : 39
7,40,0,0 -> 7,50,40,0 : 40
7,41,0,0 -> 7,50,41,0 : 41
7,42,0,0 -> 7,50,42,0 : 42
7,43,0,0 -> 7,50,43,0 : 43
7,44,0,0 -> 7,50,44,0 : 44
7,45,0,0 -> 7,50,45,0 : 45
7,46,0,0 -> 7,50,46,0 : 46
7,47,0,0 -> 7,50,47,0 : 47
7,48,0,0 -> 7,50,48,0 : 48
7,49,0,0 -> 7,50,49,0 : 49
7,50,0,0 -> 7,50,50,0 : 50
7,50,0,1 -> 7,50,50,1 : 50
7,50,50,0 -> 0,0,0,0 : 0
7,50,50,1 -> 0,0,0,1 : 0
7,50,50,0 -> 1,0,0,0 : 0
7,50,50,1 -> 1,0,0,1 : 0
7,50,50,0 -> 2,0,0,0 : 0
7,50,50,1 -> 2,0,0,1 : 0
7,50,50,0 -> 3,0,0,0 : 0
7,50,50,1 -> 3,0,0,1 : 0
7,50,50,0 -> 4,0,0,0 : 0
7,50,50,1 -> 4,0,0,1 : 0
7,50,50,0 -> 5,0,0,0 : 0
7,50,50,1 -> 5,0,0,1 : 0
7,50,50,0 -> 6,0,0,0 : 0
7,50,50,1 -> 6,0,0,1 : 0
7,50,50,0 -> 7,0,0,0 : 0
7,50,50,1 -> 7,0,0,1 : 0
