10 10 10
3 0 2 1 2 1 3 3 3 3 
3 1 0 1 0 1 0 2 3 0 
0 0 3 1 2 0 0 3 0 2 
1 3 3 0 0 1 1 3 1 0 
3 0 1 3 1 1 0 2 0 3 
2 0 3 1 1 1 1 1 0 2 
0 2 1 3 2 2 0 3 1 1 
3 0 1 0 3 3 2 0 1 2 
3 3 2 3 0 3 0 1 1 1 
3 1 3 1 0 1 3 0 0 0 
2 3 1 3 3 0 2 1 0 3 
3 0 2 1 3 2 1 3 0 2 
0 3 3 3 0 3 0 3 3 0 
0 1 3 1 1 3 1 3 0 2 
3 0 2 1 1 1 0 2 0 0 
0 1 3 3 0 0 2 1 3 2 
1 3 3 1 0 0 0 2 0 0 
0 3 0 2 0 2 3 0 0 3 
0 1 0 0 0 1 0 3 2 3 
1 3 3 0 0 3 1 0 1 1 
70 89 28 4 19 81 82 31 52 33 
42 73 67 18 87 58 89 84 28 74 
81 41 82 59 74 3 84 66 54 45 
24 22 32 49 25 49 30 6 79 81 
38 19 53 5 35 40 60 24 23 88 
96 4 27 78 60 1 80 44 66 32 
86 87 53 19 36 76 67 66 81 44 
45 17 61 95 19 95 36 78 17 56 
64 13 57 91 88 17 91 67 58 56 
98 43 43 50 61 77 24 26 41 3 
67 85 19 28 81 37 23 15 13 38 
68 77 50 25 68 37 39 57 4 96 
13 99 39 54 47 97 31 70 21 69 
70 86 52 86 14 31 23 35 43 34 
72 11 11 20 33 76 56 71 33 59 
66 46 59 3 97 4 98 26 74 19 
94 44 5 46 31 17 75 51 49 18 
84 19 29 92 36 61 68 92 31 2 
49 96 45 6 98 40 10 96 65 81 
14 57 23 16 1 51 32 75 1 78 
93 84 96 20 75 31 80 43 23 9 
42 69 5 84 75 2 24 84 95 86 
63 9 43 85 25 44 37 54 19 37 
31 10 19 25 29 93 55 8 35 77 
16 74 47 19 59 20 20 80 2 15 
67 64 24 8 49 46 51 83 99 68 
20 30 77 37 55 5 28 8 12 62 
85 25 37 30 43 93 49 62 73 50 
77 40 14 98 48 60 42 96 44 39 
62 61 67 40 97 20 42 26 27 51 
85 12 75 22 39 19 15 87 78 86 
35 53 24 46 51 71 7 90 66 48 
30 28 7 96 65 5 16 7 28 42 
57 13 52 33 33 90 49 45 78 27 
31 11 80 55 57 29 24 61 20 87 
9 47 16 15 43 78 17 58 85 42 
97 40 53 49 70 85 40 17 28 16 
44 57 26 22 10 80 48 31 41 67 
19 47 12 34 60 54 10 76 10 94 
19 8 33 69 56 3 52 93 20 79 
7 61 34 31 80 43 11 28 74 52 
93 92 96 5 24 56 59 33 33 68 
26 49 73 58 18 28 58 67 21 75 
46 26 34 78 56 14 21 66 42 94 
16 35 84 13 37 6 68 95 39 98 
62 62 45 33 18 60 60 73 27 79 
47 71 5 80 49 58 94 69 24 34 
62 38 66 44 50 3 50 16 96 86 
13 56 46 57 88 63 16 47 34 42 
24 80 11 26 61 59 83 53 27 7 
84 86 42 50 28 91 50 75 6 46 
59 16 99 5 72 86 65 85 33 99 
28 56 79 38 81 38 95 64 90 22 
68 72 6 11 22 33 99 72 9 3 
16 67 18 14 70 88 99 35 73 32 
32 98 85 12 35 64 47 30 26 36 
49 91 8 52 2 28 84 99 97 90 
99 13 58 16 24 28 4 23 60 74 
52 92 73 37 2 6 98 48 35 24 
81 81 16 89 33 15 17 15 12 14 
6 12 24 61 27 48 88 28 68 46 
2 21 38 72 55 37 77 54 85 10 
75 64 88 90 53 21 4 67 36 15 
78 39 24 3 99 48 48 85 73 14 
31 75 32 67 45 87 4 21 39 86 
28 14 51 17 3 4 35 6 69 68 
18 47 7 40 49 4 87 94 88 61 
7 20 34 38 86 76 25 87 96 61 
74 23 73 25 37 75 26 71 78 94 
38 93 42 42 33 88 46 19 83 32 
79 89 51 11 25 35 86 50 23 81 
9 96 4 81 19 38 54 44 7 32 
39 44 24 78 84 56 66 28 72 47 
59 51 34 11 61 59 43 46 7 65 
27 15 59 28 96 75 63 50 20 69 
80 56 14 4 34 95 57 99 23 30 
47 81 78 78 89 38 37 33 83 43 
95 8 58 53 33 52 28 95 2 47 
64 81 3 75 82 34 70 40 34 90 
67 78 72 45 56 61 80 91 93 61 
34 87 68 89 40 98 41 67 93 41 
13 56 22 13 29 5 47 99 42 78 
87 7 54 59 49 8 19 30 98 10 
90 31 96 57 18 36 55 59 2 49 
99 14 3 19 26 31 21 70 28 60 
48 16 66 2 72 16 10 90 43 6 
1 33 36 96 89 54 31 45 11 32 
91 8 45 91 26 68 22 45 39 48 
5 86 63 71 86 35 84 93 24 27 
98 24 57 33 18 47 84 48 89 94 
77 78 99 20 67 25 88 88 67 25 
34 72 9 96 41 94 30 25 87 53 
49 84 76 6 17 93 50 1 40 37 
92 17 13 91 37 79 14 23 66 81 
47 99 53 55 94 93 50 24 16 35 
74 64 17 50 67 33 41 18 31 78 
54 23 95 65 14 30 44 26 52 10 
7 98 10 57 53 4 48 1 25 63 
34 98 25 50 46 89 81 84 7 12 
63 59 35 56 24 46 83 67 69 35 
0 0 0
