100
915 41 239 288 930 391 463 743 249 805 211 58 178 775 969 811 175 152 415 692 359 651 865 911 229 511 716 118 47 662 924 962 55 163 250 985 907 66 80 156 871 291 214 401 66 536 212 593 688 980 285 48 983 502 311 213 14 380 683 413 394 607 375 449 122 977 786 29 395 866 185 266 510 752 19 576 288 584 522 976 564 159 376 899 662 40 112 28 772 147 441 518 106 168 967 229 497 105 610 893 
300
72 49
12 34
1 32
63 89
16 85
17 32
44 46
31 58
38 96
86 10
43 79
28 2
99 47
31 49
52 41
42 75
41 5
9 41
36 23
29 51
7 98
34 2
43 65
12 80
60 49
41 54
28 20
55 78
66 37
26 69
30 19
43 70
24 3
11 59
25 91
62 83
88 47
37 82
11 48
13 22
96 5
28 75
24 82
53 41
19 30
9 100
49 4
69 24
58 79
34 83
22 47
17 61
94 53
95 56
100 59
78 96
64 5
70 87
38 74
80 8
4 88
7 4
43 76
27 1
6 60
35 79
7 51
40 100
56 34
55 7
92 84
54 7
40 76
46 78
49 25
37 4
64 44
71 33
7 28
45 41
7 51
43 98
2 98
83 8
5 26
92 58
33 83
33 78
60 34
54 97
37 17
92 96
23 14
28 81
41 24
73 99
26 68
48 27
17 30
87 73
56 30
83 40
12 15
69 72
100 22
20 89
90 11
84 65
24 11
97 16
87 70
67 12
37 14
39 53
44 77
26 51
6 8
90 17
74 10
88 26
31 59
14 72
21 97
36 96
59 33
12 45
54 30
57 90
43 47
94 38
23 71
88 28
78 29
44 4
38 84
29 20
44 15
90 79
10 48
63 73
45 16
2 1
57 45
99 3
82 21
73 22
100 3
2 95
58 40
78 86
11 24
79 54
38 20
85 47
67 47
72 63
15 25
63 23
69 13
25 3
85 50
76 84
52 77
79 9
68 8
46 79
31 24
84 20
95 68
19 13
67 90
76 33
14 90
55 35
3 80
89 87
29 64
23 32
92 53
40 60
60 85
90 43
60 73
62 6
93 80
18 59
21 93
91 87
83 45
21 85
76 9
23 56
24 45
87 67
97 78
26 9
14 15
3 25
40 64
30 32
96 48
90 68
40 32
54 74
28 74
58 4
34 33
11 9
29 98
76 26
27 53
86 41
20 88
65 59
3 47
42 50
94 31
18 85
14 71
59 41
97 68
96 82
100 7
91 29
56 66
6 82
70 43
74 89
30 91
47 84
37 88
34 30
70 3
66 83
73 24
76 21
92 71
3 43
77 45
23 84
62 80
66 31
22 91
20 3
81 66
87 17
6 72
98 27
74 64
62 98
87 37
19 30
7 73
25 36
17 47
19 78
27 36
8 48
27 79
3 59
45 89
76 2
60 25
28 85
88 89
82 27
77 52
8 36
24 32
71 40
79 41
69 57
56 7
7 58
65 3
46 92
4 57
17 84
41 56
72 23
82 49
74 42
84 50
73 6
41 3
98 10
59 78
38 15
84 96
72 1
99 70
92 2
26 8
85 19
64 9
41 97
9 66
38 44
15 63
1 8
