100
13 3 78 30 84 20 51 18 13 36 91 88 1 96 84 10 14 75 35 86 96 68 44 86 39 89 3 21 5 5 86 19 8 64 49 44 36 52 63 49 89 6 89 90 2 73 0 16 0 88 55 49 8 51 35 99 40 90 72 97 95 58 16 55 74 66 99 10 18 14 11 59 20 0 49 74 26 2 91 26 90 98 75 50 49 62 49 41 52 21 38 99 32 55 54 6 73 54 69 43 
2000
21 33
4 94
34 53
68 12
55 11
38 97
9 14
47 10
28 48
51 81
22 90
80 54
97 87
12 70
41 33
65 61
66 68
54 51
73 74
62 27
84 51
76 45
16 74
54 44
22 5
76 95
46 7
48 42
93 11
63 33
44 27
46 61
95 51
11 67
76 24
45 60
74 72
56 90
46 9
33 19
13 8
13 58
66 12
51 59
74 13
43 17
29 86
4 18
14 48
29 40
72 84
81 17
93 65
87 5
24 51
15 89
14 17
47 87
30 90
56 21
29 84
6 71
27 61
89 92
8 17
1 11
99 93
75 85
49 98
87 15
87 100
32 85
39 13
74 94
85 55
29 42
25 55
2 65
47 61
34 29
92 34
40 90
78 66
27 78
16 13
45 54
65 28
38 3
92 12
96 76
66 24
17 42
31 18
7 77
78 40
5 21
25 96
11 54
14 37
83 29
1 79
82 65
6 19
67 97
82 14
24 99
90 40
41 20
9 99
48 39
90 4
59 14
100 21
19 13
9 1
93 10
80 74
26 37
44 45
86 26
58 9
24 47
1 16
18 61
14 65
99 3
69 10
68 20
82 86
84 43
39 76
4 70
49 29
58 92
73 43
69 31
4 93
29 56
8 47
16 74
63 67
76 31
28 44
2 9
81 85
51 71
60 6
92 8
35 50
52 59
44 72
41 47
16 70
2 76
68 18
49 30
36 76
13 63
71 14
71 52
99 74
74 10
79 66
70 65
15 21
24 10
44 64
57 60
85 10
35 52
27 83
34 62
58 46
76 29
11 99
32 61
72 57
71 2
22 40
19 88
12 42
98 55
57 6
66 42
15 100
93 94
34 78
7 44
75 83
72 86
81 55
98 4
11 20
5 85
59 23
72 22
16 21
29 73
26 94
14 41
94 58
34 79
36 40
22 10
22 93
47 54
99 97
57 62
16 62
46 27
36 17
48 4
90 76
76 15
22 41
7 67
98 40
45 85
32 67
95 5
11 93
59 10
89 15
71 5
28 16
31 16
84 30
19 73
58 46
40 79
86 46
45 83
86 89
68 69
7 14
73 18
58 83
27 47
50 49
3 77
64 85
44 99
66 62
24 23
59 63
53 44
8 49
27 45
90 46
65 96
11 90
13 68
72 39
66 21
39 20
50 2
4 93
53 22
7 76
44 65
90 49
9 49
97 87
94 86
84 10
82 94
99 46
61 71
85 79
43 23
98 92
77 54
37 81
75 95
8 70
59 97
18 19
45 67
57 90
52 40
100 85
33 50
31 46
72 67
24 15
41 21
58 69
26 94
49 100
88 8
70 99
4 39
17 1
5 26
90 9
65 41
93 50
91 75
95 62
93 18
28 34
90 86
54 16
79 55
67 19
62 36
17 66
27 85
66 31
62 7
91 27
100 36
76 90
10 70
3 55
39 83
40 80
68 93
95 98
99 14
16 61
1 84
78 27
21 95
10 82
1 100
60 52
93 97
56 96
51 46
78 90
26 97
82 72
94 81
85 62
93 86
97 70
12 69
16 73
51 68
73 62
20 7
97 12
55 4
59 5
50 36
94 27
84 28
98 78
60 35
91 52
20 87
73 83
56 88
56 58
55 80
19 74
38 67
86 93
71 44
97 72
32 91
98 67
70 95
44 29
81 86
32 100
73 4
35 80
91 42
37 45
21 7
71 58
26 8
50 96
3 99
19 34
89 16
53 10
62 96
38 43
82 69
94 6
72 28
37 14
69 25
10 41
31 80
99 56
39 100
3 42
98 21
27 38
88 79
47 50
27 36
44 60
4 37
65 27
17 1
92 85
25 2
78 7
33 76
15 72
27 17
13 25
90 91
62 77
70 61
26 96
96 21
55 52
58 19
30 74
71 22
10 47
75 87
53 59
14 19
30 41
36 94
65 25
85 78
53 54
38 31
1 86
51 55
37 8
25 66
33 95
87 43
93 13
81 97
72 95
16 1
87 3
47 3
27 83
80 31
88 70
61 88
55 12
42 91
71 66
8 4
12 95
98 56
7 78
52 30
24 19
83 10
21 29
12 99
11 44
30 50
65 90
37 19
53 78
61 24
95 68
79 58
14 76
65 73
5 16
2 29
35 84
90 7
64 2
6 26
97 35
75 61
76 11
31 29
40 43
4 86
10 82
95 76
9 59
100 65
27 53
93 13
89 35
19 52
36 24
78 84
58 4
44 34
15 26
14 6
68 17
44 29
50 38
56 10
97 55
74 75
8 19
87 96
53 5
99 40
81 28
23 38
32 18
23 98
43 36
3 10
4 98
90 53
36 46
14 84
100 88
58 59
6 96
6 10
52 5
49 32
32 23
22 63
40 44
60 82
32 15
43 87
12 32
92 99
29 5
82 81
44 91
39 1
38 45
10 90
49 10
21 32
32 42
95 71
38 6
4 21
72 98
59 36
82 50
34 10
7 68
90 50
10 29
3 48
25 64
37 25
74 9
56 5
3 2
28 92
8 31
12 79
29 22
66 10
24 100
71 30
67 61
31 28
41 85
75 65
49 63
41 22
72 96
78 74
98 5
65 57
36 28
87 16
1 53
77 24
52 47
5 70
59 36
97 99
15 20
86 55
41 57
3 19
82 100
23 98
8 10
77 94
77 78
46 53
53 49
100 58
18 58
45 67
9 16
90 75
36 75
30 28
46 65
35 21
15 42
82 91
35 59
20 33
11 25
33 62
82 3
72 78
69 80
93 58
54 80
84 35
8 67
18 5
84 52
77 98
45 59
40 32
69 12
64 79
36 96
41 69
98 12
46 18
43 90
27 96
70 11
83 29
77 100
85 12
4 62
9 48
72 1
79 40
12 94
70 99
42 62
67 39
25 64
9 67
53 35
15 74
45 97
2 74
48 39
85 51
100 46
51 23
46 81
62 9
75 83
7 16
45 25
6 69
88 14
88 40
49 2
14 45
50 67
18 97
5 3
100 56
48 2
78 45
82 91
53 56
74 11
71 70
35 29
90 74
42 77
65 42
87 79
97 4
28 1
58 27
9 57
28 86
1 9
29 5
17 54
15 39
75 1
67 64
74 9
41 39
50 70
68 88
49 16
92 76
17 1
54 77
58 81
14 10
41 42
15 57
47 81
96 21
82 62
85 7
22 25
97 24
94 17
11 94
32 54
69 48
55 22
24 12
54 90
73 47
31 87
55 30
68 50
50 1
64 86
7 37
10 56
60 56
72 23
1 3
76 70
3 82
43 78
45 97
67 18
95 98
4 49
79 23
99 28
23 14
14 30
2 75
85 14
82 56
36 83
10 63
4 12
45 46
90 89
94 56
58 88
5 62
37 83
84 87
11 7
52 76
88 5
2 24
18 84
31 5
18 40
68 21
52 64
18 41
4 64
96 62
3 1
75 91
35 58
29 45
16 32
72 55
37 74
78 54
9 8
11 26
100 78
98 51
93 67
43 96
82 90
9 85
42 83
27 77
93 56
21 8
87 45
63 23
18 92
29 78
52 39
55 51
68 52
53 60
70 95
7 52
84 16
88 26
98 14
2 90
69 74
50 8
70 64
82 39
55 10
16 6
100 70
56 67
73 8
78 43
54 85
46 90
52 33
67 1
46 68
91 67
93 92
74 15
53 9
17 69
67 16
38 74
35 63
34 12
5 87
96 50
76 99
34 42
100 31
61 42
97 6
33 22
72 39
29 24
99 97
92 65
12 82
39 98
44 24
10 100
10 57
1 38
56 86
31 55
16 44
96 65
1 80
86 72
18 66
47 16
62 39
81 26
72 71
23 67
94 84
18 55
41 70
44 48
55 27
54 70
22 49
34 74
28 72
89 43
12 51
33 44
28 56
66 2
74 59
38 91
66 30
60 61
77 14
39 30
36 12
30 21
37 9
92 33
5 81
28 16
83 12
12 62
68 77
63 41
88 100
84 5
81 43
65 57
9 56
38 44
64 56
75 8
88 31
88 67
99 22
79 10
83 98
86 97
38 73
49 21
77 29
16 94
86 24
49 75
19 67
42 34
22 68
41 62
99 80
80 97
1 58
6 35
7 43
32 45
16 80
17 44
8 84
37 45
59 37
20 77
56 61
63 29
80 3
90 78
35 22
26 87
31 83
22 38
26 53
34 41
32 50
36 91
86 73
36 44
61 55
73 16
15 35
45 46
37 86
24 23
7 1
10 38
84 31
27 9
35 60
1 66
61 36
56 46
60 91
90 21
97 62
88 63
48 84
9 84
70 32
59 28
84 68
17 67
50 43
27 84
2 27
1 15
15 8
60 26
51 1
98 47
14 86
10 61
21 18
97 90
1 7
70 84
74 86
3 75
81 29
58 34
8 10
48 74
17 60
99 67
12 49
66 26
86 75
38 6
92 86
96 44
92 65
27 17
2 81
91 82
10 100
16 17
9 15
42 78
74 40
44 86
40 61
63 25
35 52
31 78
38 78
21 81
94 100
50 95
80 40
29 41
92 96
9 52
10 50
29 84
42 25
21 81
85 35
6 20
86 88
49 75
65 70
8 10
21 57
56 52
48 84
93 39
79 1
91 89
3 71
24 44
95 96
24 32
30 81
3 15
68 51
42 84
72 49
93 92
57 49
96 4
32 40
43 63
92 85
3 94
55 26
37 2
21 13
33 2
93 35
68 61
85 9
44 9
9 37
100 65
37 47
69 68
86 63
30 78
47 84
71 53
9 60
54 81
72 86
34 16
20 2
28 57
62 24
65 71
60 16
87 96
15 7
15 100
69 97
29 67
80 52
20 41
11 73
73 34
11 7
1 82
8 29
38 21
52 54
43 63
22 30
10 36
36 76
87 57
72 16
23 4
67 42
44 29
67 68
14 77
74 14
58 33
94 48
54 97
1 96
59 22
77 20
9 13
69 19
11 43
22 29
85 17
57 51
85 22
27 10
87 36
95 81
83 100
29 84
95 40
57 24
59 18
88 6
13 8
25 75
50 98
3 34
67 11
36 3
32 14
64 18
50 58
50 32
57 79
67 4
18 76
27 28
93 14
34 5
21 10
79 70
59 81
56 25
91 43
79 74
57 43
43 58
52 45
89 9
23 8
12 92
83 90
19 75
3 4
79 75
65 9
96 24
41 3
100 83
46 31
56 54
73 50
11 24
94 51
84 16
58 47
59 92
36 30
66 90
33 96
64 50
56 12
73 96
14 24
78 59
54 85
12 26
35 74
2 28
25 37
96 34
84 6
78 19
35 95
61 20
91 24
69 98
35 93
94 1
16 23
59 70
8 23
95 94
96 48
73 72
85 68
58 68
74 35
38 60
29 98
79 71
74 99
69 60
91 14
60 7
36 71
76 95
93 22
40 88
22 13
12 6
32 69
25 57
3 62
17 83
12 47
54 85
46 74
96 36
87 56
94 74
26 69
21 70
43 60
57 64
24 20
69 56
88 93
64 42
6 80
25 69
27 30
5 24
3 1
59 41
8 5
66 85
73 86
54 15
98 62
78 73
82 98
80 69
42 44
63 100
75 87
68 1
68 73
76 70
25 87
62 32
91 27
16 63
65 69
30 14
82 59
86 63
9 18
84 50
61 46
1 35
84 69
88 51
93 63
72 17
49 33
48 39
11 15
54 27
40 16
93 78
31 53
95 14
3 7
11 3
41 94
23 80
44 15
43 67
83 43
99 30
34 61
96 87
88 30
73 27
46 65
56 76
18 2
41 72
8 51
26 49
96 49
28 91
15 22
57 98
65 55
79 50
67 27
36 54
56 8
33 53
24 88
80 93
90 72
16 49
22 42
97 17
42 77
7 8
50 15
57 66
69 88
15 36
14 2
41 21
61 73
74 85
13 5
29 54
77 45
2 50
38 51
67 31
79 25
90 28
40 99
94 60
86 60
47 51
62 88
71 22
12 96
58 24
1 87
83 31
78 72
81 96
54 59
73 95
38 64
93 83
23 78
43 22
80 56
61 51
29 24
46 87
100 98
25 28
78 59
58 56
30 90
3 35
100 75
29 90
38 74
72 13
51 66
86 31
73 46
33 2
21 30
88 20
80 64
48 57
22 57
64 3
99 67
89 50
41 17
39 31
90 63
43 93
80 28
75 53
25 7
54 45
88 93
65 67
56 64
24 29
72 39
31 70
5 19
20 46
87 10
28 29
72 70
21 52
49 47
56 25
5 9
21 92
53 37
59 60
100 34
88 72
72 18
41 29
88 12
26 74
22 53
2 45
48 22
20 3
98 24
63 18
16 15
55 26
74 6
11 61
77 34
30 70
62 17
33 87
91 54
39 44
51 64
18 98
85 37
1 34
13 63
52 28
30 58
5 3
63 15
16 40
48 45
61 10
62 93
48 4
99 39
47 1
2 16
98 39
53 50
72 65
65 75
44 94
32 48
48 47
14 63
38 61
8 98
22 21
42 22
76 92
60 22
92 13
51 42
91 75
58 55
49 53
100 33
52 48
79 65
62 16
77 21
65 51
93 58
72 68
50 83
42 41
95 31
82 98
24 25
72 33
79 20
85 31
4 36
30 82
52 91
49 28
64 65
30 56
23 1
24 72
35 65
64 82
47 98
79 70
22 50
2 100
21 38
82 25
25 11
58 76
54 59
3 17
23 33
72 97
85 95
68 72
11 84
53 9
81 83
78 2
32 31
53 4
20 87
28 44
97 38
19 50
96 74
66 18
58 90
15 94
36 34
65 47
7 1
51 37
2 34
67 7
38 39
93 17
82 41
6 53
43 1
78 60
71 35
49 37
80 85
22 97
83 91
65 41
91 68
77 45
53 96
3 90
34 47
59 67
87 64
19 81
17 96
41 87
82 41
23 62
77 44
58 11
86 74
52 29
93 28
25 46
23 27
87 56
25 45
23 63
61 93
44 77
89 36
15 70
76 89
83 53
84 92
63 70
66 14
50 10
94 74
55 16
52 42
72 76
38 46
90 50
38 33
78 26
20 92
48 96
80 82
100 16
74 14
85 91
80 86
100 73
59 7
40 62
48 11
89 37
8 78
39 46
63 16
23 82
60 22
29 91
4 28
6 29
94 42
19 25
27 18
49 37
76 88
98 75
51 86
12 58
16 2
55 78
69 78
59 28
51 88
71 6
67 28
34 12
22 52
36 100
22 84
37 97
24 86
72 74
24 35
31 39
36 86
16 4
15 74
84 17
13 6
23 80
33 56
43 6
60 79
6 81
14 42
77 37
79 100
10 2
34 93
40 21
30 7
25 96
33 60
12 45
17 86
76 1
42 19
7 1
49 12
33 62
5 61
51 83
61 12
85 46
56 76
67 85
35 43
32 67
54 96
63 70
81 39
70 74
9 76
74 57
87 58
70 43
19 20
26 79
84 62
76 39
37 42
76 23
84 7
89 37
2 52
58 35
42 28
8 50
3 34
6 42
91 75
84 61
47 61
91 30
22 67
20 11
8 95
33 44
54 74
32 7
25 90
41 66
17 1
67 71
34 72
12 24
98 48
85 44
60 27
25 82
93 45
44 1
91 76
96 44
1 27
3 25
16 43
42 32
43 8
55 28
31 18
4 29
65 40
72 77
66 97
58 59
41 53
11 83
80 6
27 81
32 81
5 48
75 99
31 18
58 85
97 89
3 100
17 19
39 40
95 5
36 4
15 28
56 25
11 36
30 89
16 61
69 72
60 43
22 43
12 80
27 61
20 81
60 88
52 51
27 46
7 15
2 21
42 57
45 4
44 26
44 11
38 64
35 98
7 56
40 70
87 18
30 6
99 42
93 2
92 20
47 98
86 48
70 27
57 14
83 52
91 78
63 28
42 97
77 100
4 68
69 91
86 51
96 36
92 41
37 35
12 35
32 97
35 1
75 43
66 9
94 8
87 8
35 28
4 12
27 8
79 47
98 16
49 45
3 92
37 91
26 48
26 9
96 60
61 71
54 26
79 47
85 17
55 20
44 10
83 22
17 13
21 66
29 69
63 83
61 51
74 38
47 46
10 7
16 63
85 47
61 69
63 15
40 59
77 22
80 45
35 100
63 15
21 25
49 81
75 22
18 25
72 16
71 81
23 38
95 59
36 56
27 99
22 67
57 98
40 88
95 26
40 57
92 60
81 41
92 7
14 61
84 86
77 6
18 99
43 65
9 79
20 35
29 93
53 37
43 45
24 37
70 15
93 14
74 25
54 65
83 19
26 66
4 54
71 74
4 14
38 12
44 9
98 24
53 51
60 95
95 35
83 16
50 27
29 75
51 34
40 34
53 17
99 8
33 25
35 70
36 30
30 33
53 83
35 12
29 81
98 12
97 47
38 77
22 41
63 13
74 67
81 24
74 2
45 7
26 31
28 13
60 58
45 64
92 32
27 20
12 25
83 60
23 21
89 44
61 51
8 86
17 88
9 42
41 6
48 66
36 28
78 48
37 75
11 28
6 38
47 69
62 30
29 84
2 17
80 14
67 39
99 35
27 59
76 19
64 76
85 100
3 14
47 39
40 9
18 45
46 16
14 59
45 94
95 98
10 26
11 28
64 61
62 42
72 37
61 35
12 97
86 66
10 84
56 50
93 73
46 38
89 11
97 85
4 43
35 65
68 97
92 31
58 5
73 29
42 85
15 5
81 1
23 42
84 78
91 76
3 37
66 43
99 14
79 3
56 13
67 23
10 59
5 19
63 29
99 56
65 13
13 45
65 35
87 49
12 29
76 66
17 41
8 16
6 87
18 61
51 84
35 12
94 92
82 9
72 80
16 37
45 28
81 9
62 19
9 26
48 85
91 64
77 99
79 83
37 48
95 39
84 82
51 29
73 32
37 44
64 5
80 8
32 13
16 94
31 25
71 78
94 37
11 24
71 99
24 18
38 7
99 40
87 23
23 24
18 86
80 98
45 11
62 13
56 92
37 26
22 97
87 67
85 49
42 8
48 65
25 85
76 10
45 50
85 62
88 64
11 32
74 24
44 30
68 32
7 41
80 93
7 65
42 48
72 89
65 96
25 87
70 52
48 14
1 32
27 88
95 90
20 21
13 15
2 80
47 8
20 26
