80
60 17 22 76 63 47 98 17 35 46 30 74 68 37 14 80 45 40 31 79 84 97 5 39 42 31 30 59 50 91 44 62 9 66 38 24 13 37 93 49 35 24 75 3 13 41 35 58 82 67 90 18 64 95 57 58 78 40 18 80 31 62 43 92 80 81 68 93 70 62 94 5 86 69 61 51 63 96 10 97 
2000
24 41
56 1
8 14
11 79
46 29
79 29
23 34
62 43
8 70
37 78
4 23
16 62
65 77
54 68
13 44
57 69
36 32
21 75
77 31
25 42
60 56
71 34
9 4
29 48
25 17
46 29
39 13
42 23
9 15
42 53
10 18
41 45
50 61
72 78
44 16
40 55
71 62
8 32
17 36
79 41
52 76
21 43
8 63
65 48
77 27
21 7
76 13
3 45
75 69
74 34
43 64
47 2
47 63
70 46
23 41
41 76
35 1
10 20
48 6
78 20
44 73
33 79
70 10
56 64
78 49
49 72
65 15
73 31
29 62
76 3
55 69
78 9
21 7
60 68
45 9
34 24
70 55
33 46
70 62
14 38
53 78
4 77
29 32
11 56
34 65
76 64
25 16
22 37
4 66
45 75
58 78
18 47
4 50
12 73
63 26
30 67
55 65
63 3
48 73
11 34
9 6
17 34
22 70
22 57
56 66
51 33
16 68
79 19
69 43
12 51
68 73
37 42
10 51
77 57
44 39
10 4
44 58
37 65
48 58
73 55
76 43
39 43
62 69
61 50
31 24
20 18
49 8
12 58
59 40
34 54
78 76
57 41
53 46
58 52
23 50
26 50
45 64
12 26
53 25
76 35
48 47
5 16
7 16
25 65
7 11
38 36
6 14
28 10
59 5
62 34
35 3
23 47
28 27
23 55
61 70
54 65
38 12
32 14
76 70
24 65
25 29
30 53
39 41
9 52
26 47
10 60
49 32
58 29
10 32
35 71
22 40
7 11
51 71
24 78
60 80
62 5
28 44
9 18
36 17
69 61
64 79
72 64
62 2
44 72
33 79
14 6
38 20
48 9
10 72
6 70
23 20
26 50
15 34
20 50
2 40
30 17
38 53
33 52
6 76
43 39
74 8
76 64
27 44
24 69
67 29
10 9
80 67
10 14
20 29
15 53
69 76
70 58
49 22
29 54
17 23
44 43
30 40
26 9
3 49
77 21
29 38
29 61
24 38
26 75
67 41
47 7
36 68
64 36
9 45
42 58
67 37
20 49
76 77
57 30
45 5
50 25
42 78
5 65
68 31
59 6
23 57
12 10
45 27
46 53
71 39
62 10
75 1
10 71
29 66
52 25
70 54
50 31
3 6
47 70
68 57
75 10
33 38
20 77
65 17
2 7
55 63
48 49
16 57
71 76
74 75
21 63
48 70
45 2
27 11
72 15
19 18
56 52
56 27
80 72
43 1
30 49
16 78
18 63
6 40
58 80
34 78
62 33
19 59
35 46
21 58
12 40
27 67
11 34
14 42
25 56
75 55
25 10
4 74
24 9
33 1
8 19
31 22
3 1
32 37
46 52
46 9
11 73
76 53
26 9
15 3
16 9
9 72
50 12
65 73
52 50
25 12
20 7
65 22
8 16
11 5
67 56
14 30
80 9
2 58
49 48
60 64
56 68
8 57
31 24
49 2
73 26
13 44
32 29
66 39
44 76
44 31
3 9
60 35
17 13
12 17
61 23
32 68
42 39
45 72
63 45
25 7
51 22
18 36
60 62
63 55
44 17
63 55
51 79
67 14
47 79
36 79
67 77
69 31
68 3
75 45
10 65
34 60
6 51
47 17
64 61
72 27
29 54
1 80
5 68
45 51
18 1
1 4
77 22
66 17
24 13
61 33
29 46
44 66
16 42
2 32
54 25
58 3
79 59
34 35
37 15
30 38
51 59
11 36
27 34
80 39
67 28
4 62
45 51
56 47
2 29
23 60
63 21
70 16
7 19
46 44
33 75
33 35
5 43
23 31
76 22
69 14
2 72
28 46
75 3
44 76
63 67
7 46
39 76
13 46
46 58
41 31
5 73
65 9
67 7
40 14
61 60
28 62
52 55
27 78
9 71
73 71
9 32
36 47
59 49
44 25
58 4
55 62
76 39
23 14
78 14
28 58
73 55
39 76
61 17
73 21
7 66
11 47
49 79
14 27
79 57
51 56
13 25
70 8
16 44
54 13
57 1
70 49
7 28
45 19
44 37
39 3
54 1
1 54
31 14
1 29
23 51
37 35
28 58
74 43
21 47
55 77
79 76
45 5
55 41
23 50
30 13
4 35
46 5
9 76
50 9
57 72
11 13
58 38
22 52
32 42
50 38
38 49
33 34
5 7
27 60
9 56
72 12
42 69
16 50
65 66
10 73
9 21
37 67
10 58
70 42
19 39
79 8
7 64
73 12
22 19
71 30
26 14
74 68
3 9
37 19
26 79
11 67
19 47
53 28
24 42
21 74
80 52
33 39
35 25
2 8
76 24
38 21
37 63
40 71
23 29
41 49
27 51
35 45
49 39
80 45
17 31
16 49
21 50
26 54
9 21
77 78
73 66
60 33
56 3
61 17
3 7
19 69
3 68
27 26
11 58
70 60
40 5
60 61
6 5
34 47
57 63
44 50
48 24
2 55
58 14
23 60
20 74
48 22
61 26
79 23
3 69
34 74
25 14
6 63
50 40
29 27
54 24
28 21
47 29
27 24
42 2
35 13
75 2
66 7
59 64
4 15
55 29
43 61
51 23
39 56
46 66
28 45
46 55
20 39
56 55
3 2
8 68
8 67
4 68
79 7
34 5
67 45
17 29
26 67
3 16
75 49
2 22
13 79
76 32
38 3
38 40
36 46
60 43
32 63
63 62
69 48
67 56
13 3
36 70
21 39
5 15
39 38
37 51
37 64
34 74
19 72
65 54
37 44
49 20
26 31
1 47
30 19
54 42
21 9
63 42
79 68
8 37
57 44
39 13
60 73
38 78
16 55
51 4
18 51
23 76
1 55
74 31
74 47
24 46
7 39
7 6
58 47
74 34
42 33
79 21
57 36
50 72
10 53
75 60
23 49
7 56
55 80
38 48
46 13
14 52
51 52
9 28
50 3
62 12
67 60
64 43
47 34
66 9
38 60
20 60
60 26
35 34
57 24
34 22
37 47
25 7
50 34
35 20
68 48
31 54
59 46
48 57
79 33
65 36
44 36
48 23
61 34
56 37
58 41
10 14
7 67
52 9
20 38
28 39
37 10
44 15
7 11
24 6
43 40
73 6
76 72
60 56
26 67
45 35
28 54
80 66
72 51
74 11
41 53
1 77
14 44
44 21
54 67
58 48
26 2
5 53
74 64
61 51
51 25
5 78
30 36
15 22
38 9
64 78
61 17
75 27
60 38
47 66
56 24
25 38
6 50
53 66
20 23
42 56
52 71
11 67
44 1
27 60
78 39
76 24
65 55
13 31
72 68
6 57
21 63
14 58
32 66
43 4
41 4
59 44
26 22
30 22
22 8
1 51
47 76
75 31
2 7
14 74
75 51
50 47
33 15
56 17
32 18
20 24
53 30
68 30
3 49
51 56
57 3
27 23
78 21
5 32
27 18
57 53
69 58
51 53
24 26
69 55
75 40
31 79
22 18
61 24
18 63
80 26
66 26
48 15
78 5
46 56
22 54
61 42
15 54
9 35
61 35
27 11
34 48
60 46
23 77
28 54
23 13
31 22
60 28
26 57
4 80
31 64
41 61
46 7
35 6
74 15
41 20
57 26
67 36
71 9
32 50
63 6
63 13
28 74
73 5
50 76
4 80
11 77
61 8
35 47
14 28
13 6
47 69
31 65
24 53
74 7
22 8
13 36
52 72
29 44
76 79
71 32
30 33
28 10
41 14
8 6
42 20
11 40
8 41
25 31
13 18
38 66
57 2
22 28
73 50
24 68
80 14
51 30
47 30
71 39
44 79
44 5
18 6
44 26
46 68
8 10
37 77
75 45
78 48
73 22
18 16
42 49
61 12
78 27
42 69
17 5
19 60
41 36
65 36
13 62
56 53
23 44
49 50
9 79
17 1
20 66
48 61
35 28
73 64
7 66
4 23
70 22
3 62
10 19
17 54
33 24
26 55
68 75
24 76
28 12
10 75
25 44
22 49
60 28
34 63
3 23
37 5
36 46
55 52
51 7
76 77
62 15
71 37
10 15
61 37
58 71
31 2
34 4
50 45
64 35
28 66
9 16
22 44
13 76
48 63
3 75
59 16
9 1
4 18
47 65
6 25
55 36
58 40
71 60
37 54
14 64
71 23
79 12
18 43
8 65
25 42
59 4
9 19
36 12
36 3
28 41
59 34
28 68
26 51
79 62
24 13
45 15
67 75
58 4
37 17
21 13
10 31
48 18
50 4
62 37
38 9
30 48
43 57
35 68
27 34
49 3
78 45
49 64
71 26
19 59
75 71
71 4
22 39
22 71
74 35
27 63
43 56
30 37
65 64
56 11
17 56
45 46
20 13
29 42
71 80
20 65
70 43
20 11
1 41
33 26
27 60
8 70
67 37
58 51
52 34
14 21
9 10
66 61
23 15
22 45
46 42
61 67
4 80
30 36
73 62
13 19
73 20
40 60
8 18
62 59
51 27
79 11
37 65
71 11
31 13
55 28
6 67
14 9
18 43
76 10
57 8
61 1
59 20
60 66
69 74
76 71
20 75
2 56
11 72
66 41
36 72
20 41
58 33
1 76
28 76
37 36
35 17
36 13
69 48
30 57
41 26
48 12
20 1
68 62
72 5
54 60
29 73
20 38
57 53
65 36
80 22
71 35
70 59
79 10
26 29
19 18
54 66
29 25
18 48
38 41
5 11
20 33
3 72
70 11
44 55
47 43
28 69
29 17
79 28
27 24
56 45
73 61
62 54
37 31
21 74
71 57
4 11
9 38
34 79
48 77
5 46
71 32
67 20
80 65
47 58
41 54
22 33
66 35
38 22
17 59
47 8
35 50
50 76
39 3
26 38
31 30
36 21
13 22
40 12
70 78
11 43
63 76
30 20
49 46
30 15
53 17
16 54
12 54
8 37
44 38
18 79
59 30
52 50
41 9
8 30
39 18
25 21
46 54
40 14
19 22
29 24
38 44
77 49
50 37
37 45
74 54
75 4
3 46
54 75
6 13
57 76
62 1
16 27
54 8
41 24
29 21
47 66
16 76
66 17
32 22
61 57
27 7
52 66
55 10
78 63
5 59
63 53
6 68
12 78
44 40
50 42
57 65
37 74
34 20
47 14
77 73
21 9
53 24
74 59
65 23
74 22
1 8
74 38
76 5
67 71
76 36
32 4
53 69
29 6
40 75
51 68
67 23
76 71
79 21
1 63
43 74
36 76
34 29
65 61
65 4
51 12
71 2
47 43
22 75
80 62
69 3
49 7
57 77
29 55
17 62
70 12
7 25
7 40
6 71
20 22
74 70
34 65
72 32
59 45
27 11
26 15
13 27
54 69
23 34
76 71
15 65
2 22
41 40
13 78
63 33
20 56
54 5
72 45
36 3
42 62
45 67
29 57
45 34
77 19
67 24
10 34
8 43
55 1
3 19
78 65
51 49
72 25
53 16
21 41
50 62
54 14
1 34
22 77
67 18
16 6
42 57
39 1
51 45
33 53
63 31
69 34
31 61
10 4
28 62
76 77
44 49
42 76
3 63
72 69
32 39
74 25
15 64
26 66
28 10
70 11
40 59
76 23
71 5
58 50
66 53
46 61
21 39
8 55
21 80
76 52
70 21
77 5
5 54
22 32
63 43
74 55
53 69
77 75
25 6
44 43
58 41
55 30
79 63
5 51
14 80
23 3
20 51
7 24
56 60
8 70
55 1
44 27
22 72
22 46
77 17
8 6
58 63
36 8
77 40
59 10
71 33
12 42
3 51
18 10
62 25
79 36
57 75
15 78
66 36
76 15
4 35
20 13
49 7
21 45
78 31
54 68
63 66
30 17
68 47
26 49
23 56
5 79
50 19
77 68
6 24
2 9
58 53
54 27
60 74
71 57
56 77
77 38
14 26
6 1
24 31
49 46
38 53
44 8
23 72
75 28
15 28
69 25
32 42
51 11
35 73
20 42
69 48
79 2
73 4
34 48
66 3
13 55
55 8
62 78
80 56
57 46
35 45
70 67
6 72
29 72
65 80
33 5
47 63
7 71
18 40
38 35
74 50
10 1
10 71
78 9
79 6
6 65
51 76
51 8
67 32
80 3
31 64
8 78
79 46
20 16
5 58
51 31
59 12
31 68
34 60
28 32
65 34
49 35
61 19
75 47
50 74
50 33
62 7
54 1
55 10
10 57
40 21
68 70
40 21
49 20
5 34
20 33
71 14
31 73
39 32
25 48
40 6
6 13
38 60
55 48
36 14
20 23
4 59
76 52
78 80
5 2
52 57
66 74
70 49
66 29
80 42
28 72
79 33
36 69
45 10
36 32
24 7
7 59
17 2
30 15
1 67
48 52
75 34
77 64
2 15
12 33
56 71
56 7
56 12
75 20
53 62
51 28
68 57
6 4
58 68
50 10
6 18
13 80
3 10
63 36
24 27
68 31
49 44
37 24
7 63
43 11
44 46
39 63
22 76
19 32
15 20
73 20
69 6
51 71
15 34
26 70
12 46
20 60
4 47
71 78
57 67
43 47
1 17
75 19
80 9
71 72
29 59
29 79
50 75
64 27
64 27
72 36
39 32
76 74
78 18
71 7
36 66
5 37
34 79
7 33
8 77
56 68
56 5
18 57
79 34
35 15
60 27
58 77
43 8
14 66
46 50
3 50
6 36
49 44
20 56
41 75
43 48
31 60
56 62
45 10
76 25
36 77
26 46
73 21
5 38
6 50
7 40
19 44
75 67
8 14
42 80
40 36
47 23
48 22
4 12
63 79
68 19
27 46
16 19
66 20
56 71
69 15
30 7
58 56
74 17
21 67
16 12
55 14
34 22
67 37
65 50
67 5
68 13
50 3
31 35
54 39
57 42
53 38
48 62
13 73
79 65
12 14
76 66
28 62
39 46
18 55
15 5
59 34
49 28
68 32
62 41
70 38
2 74
27 2
55 39
26 53
55 69
19 51
54 78
32 44
43 1
19 58
37 29
11 6
57 79
37 70
39 58
60 73
51 6
26 25
77 51
30 51
40 48
53 45
45 36
41 7
37 11
64 25
39 27
62 47
25 18
37 15
27 16
39 77
53 64
54 49
67 3
20 58
2 24
54 46
60 46
52 48
56 68
72 15
14 54
13 70
23 49
36 50
16 27
78 69
42 51
37 28
5 8
37 6
32 43
51 11
8 55
58 64
74 1
30 39
54 42
60 77
43 15
78 58
41 75
46 35
46 35
62 2
42 51
8 73
13 10
35 20
64 44
35 57
45 16
47 18
58 26
46 20
73 43
29 33
70 75
19 35
29 1
36 22
3 75
5 1
66 68
45 53
77 9
68 43
58 45
21 24
16 13
18 45
77 7
71 16
73 51
48 61
72 50
55 38
16 59
39 1
79 35
53 27
43 41
21 52
37 41
75 5
53 45
49 50
51 71
65 76
41 32
56 32
1 62
22 48
41 12
48 71
46 53
17 40
45 37
11 1
78 38
5 2
2 5
51 4
27 67
79 67
50 6
51 2
68 24
49 60
35 17
50 80
21 18
39 65
54 49
65 3
6 22
37 39
58 39
43 5
26 73
23 75
79 25
77 18
48 45
77 34
13 46
15 23
17 20
72 34
55 29
7 11
68 16
49 62
52 26
54 27
21 4
51 49
21 51
45 17
4 10
14 69
42 28
48 34
76 22
15 34
64 34
49 32
15 21
58 20
47 30
24 49
30 76
51 74
45 7
35 58
75 29
38 37
71 37
23 66
10 37
19 73
70 19
56 36
71 33
55 37
14 30
38 43
26 8
69 70
14 55
79 40
3 68
29 73
24 51
10 33
39 60
25 60
79 1
47 69
65 21
58 31
3 15
25 60
54 13
1 20
68 79
11 22
67 39
15 42
41 24
75 31
4 51
10 34
3 56
22 68
29 31
50 63
45 74
42 51
7 42
70 26
72 80
47 10
71 13
52 31
37 78
14 72
48 23
25 51
31 78
70 59
29 39
41 73
32 34
75 70
27 64
47 18
16 46
28 6
58 31
68 14
28 1
37 27
56 61
29 6
59 18
16 7
31 40
41 26
61 19
41 28
36 8
73 15
13 2
77 33
48 24
65 4
51 40
65 79
77 75
49 44
33 56
51 63
47 43
40 60
61 33
39 49
40 63
63 5
64 60
69 31
35 53
35 37
45 51
68 73
45 36
37 77
43 39
11 42
34 3
53 14
35 11
14 26
73 29
62 56
8 50
7 74
55 73
63 19
43 50
43 7
37 79
35 31
38 77
24 23
31 76
36 17
6 50
43 78
78 24
6 37
26 12
62 80
4 44
50 78
45 12
36 1
43 70
18 55
54 49
3 9
65 8
10 59
38 39
35 43
27 60
6 41
11 9
4 60
6 49
23 41
1 65
62 32
16 31
39 69
31 41
30 48
80 71
26 37
30 12
79 8
23 4
48 33
44 4
44 1
52 19
73 4
3 6
36 51
37 26
39 67
18 20
34 17
11 12
6 72
55 36
79 78
72 79
62 67
2 58
68 5
76 12
8 78
18 75
48 6
52 39
24 21
58 10
70 68
53 75
11 27
30 10
24 53
40 6
40 73
63 59
29 10
70 36
7 39
63 7
76 66
77 20
7 6
61 76
74 33
22 4
59 3
45 3
56 36
40 15
28 54
25 56
63 14
44 21
5 26
59 80
43 7
19 49
13 31
76 6
63 17
41 42
20 38
76 27
73 67
73 53
40 17
28 54
62 23
26 66
80 37
66 43
43 36
11 55
67 39
12 1
55 5
42 26
42 69
52 66
55 44
70 46
60 50
51 42
72 77
27 72
33 44
34 75
32 76
34 13
50 41
17 44
66 58
32 70
76 7
33 17
4 13
66 55
6 58
3 64
1 35
60 34
61 11
61 62
12 47
75 61
39 11
21 8
13 48
46 78
64 49
42 50
23 47
59 25
62 59
11 41
44 72
3 56
5 14
22 79
27 60
42 2
36 14
9 80
61 54
29 76
23 70
45 77
68 23
54 50
33 64
42 76
7 45
52 12
10 25
