60
6 69 23 59 40 89 41 79 66 77 54 10 6 32 24 68 26 38 65 60 65 95 93 18 87 42 23 71 10 45 46 69 15 70 28 7 59 21 38 77 50 45 87 8 77 11 76 3 50 42 16 67 37 9 37 76 3 60 47 14 
2000
47 14
4 54
53 35
37 52
12 47
57 31
16 54
43 4
30 5
32 35
27 30
51 50
30 38
56 8
44 51
53 27
34 46
54 2
37 57
49 33
28 56
18 10
59 39
6 45
16 37
19 42
58 10
32 20
39 19
27 22
10 12
41 35
57 34
37 33
30 17
57 49
12 6
58 2
45 55
46 60
32 57
34 21
58 57
32 28
15 51
50 16
2 30
51 58
55 19
22 16
35 10
5 38
15 54
39 51
49 17
51 12
5 16
24 2
12 56
29 26
46 10
42 47
31 24
44 25
34 57
33 60
6 29
37 20
22 7
11 2
23 53
5 27
8 29
20 11
24 49
36 9
50 9
47 21
24 22
37 57
18 9
56 23
37 24
42 51
23 44
44 37
28 49
4 35
9 15
45 32
55 13
32 45
13 10
5 29
31 41
25 48
42 13
28 43
52 50
19 36
27 46
16 22
21 24
36 57
47 23
1 18
7 6
27 3
34 49
43 50
36 16
2 37
26 22
11 17
11 29
44 29
15 59
50 35
14 18
23 60
32 16
17 38
21 35
40 54
23 14
43 50
30 37
26 47
58 37
3 60
57 39
21 11
29 10
37 43
19 60
42 50
7 51
19 27
17 50
12 32
56 54
21 25
22 39
3 19
7 57
11 3
35 31
14 4
32 42
38 43
41 19
24 47
1 43
5 18
32 16
41 27
2 1
43 23
31 45
34 29
34 44
32 8
6 37
3 37
18 40
19 51
51 43
29 51
17 26
60 48
41 40
7 42
33 41
5 55
18 30
24 51
13 47
58 18
15 53
46 24
24 5
39 35
57 55
60 48
34 40
20 40
14 52
13 10
38 30
39 1
20 43
47 9
52 1
1 37
17 25
33 22
30 3
56 18
57 47
6 23
19 25
54 32
8 6
33 45
35 3
46 54
45 24
55 28
17 47
4 33
11 29
54 33
31 42
50 20
28 55
42 46
11 35
9 18
33 41
3 7
43 40
53 19
3 47
46 11
25 50
43 36
10 29
60 40
10 49
51 37
36 32
15 46
59 23
4 31
56 58
29 38
37 21
49 31
59 34
42 24
15 16
51 24
44 50
56 45
30 46
14 5
18 28
51 8
42 46
38 37
35 6
7 11
19 55
33 9
20 14
24 35
22 14
58 57
55 45
42 25
31 47
21 40
6 3
40 16
16 14
21 22
24 31
8 57
40 27
2 3
1 15
9 51
12 3
27 45
19 49
31 32
28 36
34 6
21 29
27 34
42 43
56 41
31 35
8 24
30 60
39 38
32 1
26 43
49 56
14 17
23 39
14 36
44 27
57 3
52 38
45 47
19 7
14 18
30 35
9 8
4 43
49 27
43 6
9 31
1 14
39 15
51 28
11 47
30 2
16 6
40 34
12 53
43 42
19 44
41 22
26 22
49 8
27 49
30 20
3 1
34 47
45 24
6 55
2 28
48 18
33 27
43 45
12 26
18 30
9 58
52 26
11 32
25 38
20 54
49 22
54 22
60 30
38 58
24 39
25 3
56 57
22 39
56 50
54 56
40 37
21 50
8 45
19 28
38 7
41 24
21 33
45 58
22 9
28 46
3 24
34 24
54 7
48 41
48 42
36 19
18 56
1 18
40 19
37 9
18 9
24 30
41 9
27 54
9 54
39 11
9 5
27 54
3 14
34 50
55 9
1 5
56 1
22 27
11 58
28 20
6 51
49 39
51 7
32 51
53 3
2 1
7 20
47 9
33 12
50 28
13 50
32 8
42 45
27 53
34 54
4 39
36 53
9 27
59 33
17 43
27 10
36 25
29 22
25 2
33 6
21 45
48 44
45 29
28 11
13 1
4 17
31 39
1 32
5 51
56 14
34 22
23 9
38 44
30 2
45 54
7 57
39 54
40 15
15 7
25 27
59 28
35 21
58 35
52 55
26 39
8 51
60 22
59 37
5 20
30 41
13 37
37 43
22 8
57 36
6 21
55 4
40 29
25 38
56 8
32 21
47 31
11 38
44 1
7 41
20 36
21 32
4 50
15 26
49 3
53 55
24 47
58 55
16 14
32 11
14 55
23 52
17 25
29 1
25 27
41 36
55 53
7 58
34 13
16 8
17 31
54 6
25 9
20 57
11 25
43 25
16 60
49 36
60 5
55 40
40 49
24 39
46 58
43 1
12 58
8 28
28 1
33 53
2 44
41 4
8 23
29 15
14 9
51 13
6 37
44 37
25 8
7 10
57 50
2 8
47 9
27 7
2 59
51 3
43 31
58 42
45 26
57 59
27 39
3 24
15 47
60 31
46 7
40 34
56 42
41 34
42 7
40 43
57 30
37 31
52 27
13 29
44 1
19 10
31 21
33 37
59 25
7 44
31 46
9 18
19 49
51 53
47 23
27 36
44 4
6 36
30 10
56 13
2 14
15 32
34 39
8 33
3 14
8 25
52 17
34 10
57 25
54 36
39 21
11 22
16 8
49 37
18 44
41 19
57 55
43 31
26 50
55 20
4 2
45 55
56 7
34 50
42 4
10 44
26 25
51 14
1 60
58 33
11 54
28 53
16 53
34 2
4 37
56 48
23 5
58 11
11 23
52 44
27 53
27 44
9 10
57 1
1 46
33 11
32 60
55 47
44 29
41 48
57 36
27 20
40 16
22 43
31 13
26 49
5 45
32 13
46 20
13 46
6 45
49 29
37 43
7 12
11 47
51 60
22 10
11 54
25 32
36 47
36 53
35 40
29 58
44 14
10 48
60 7
24 40
35 52
22 41
4 25
28 46
24 41
55 34
34 12
57 9
58 32
2 25
3 22
14 46
36 23
25 27
29 48
6 55
32 19
28 27
43 47
12 58
27 7
31 1
18 19
1 7
50 54
31 52
16 45
29 51
7 53
9 28
33 14
14 4
24 41
22 7
27 33
4 46
39 27
46 48
45 38
55 27
32 25
18 39
1 39
21 60
23 29
19 55
34 32
50 57
5 11
55 23
36 51
8 14
9 45
54 53
23 48
11 46
4 21
16 57
59 36
56 21
56 14
8 29
37 49
17 41
52 12
4 27
2 3
32 10
48 25
54 2
4 57
39 60
17 54
56 15
29 51
27 16
4 34
36 40
23 52
13 6
3 8
32 56
10 3
28 43
58 23
39 36
22 55
21 17
1 49
59 27
56 54
53 31
26 7
23 38
12 17
45 43
5 54
37 1
51 4
35 40
19 5
8 40
59 28
49 51
9 47
10 4
33 54
35 58
60 49
35 3
5 11
45 1
4 21
54 46
17 28
26 27
33 25
6 23
52 46
6 60
25 15
4 57
8 30
54 59
18 20
1 14
30 37
7 33
49 60
11 57
19 28
23 51
52 21
6 43
6 11
35 22
17 30
10 16
59 3
14 8
14 6
13 43
42 19
8 30
10 18
27 29
37 49
11 28
1 8
2 7
10 36
20 26
5 30
41 55
24 46
54 38
51 7
20 24
17 19
54 19
28 12
39 4
52 49
31 53
57 33
51 58
60 10
24 5
31 56
51 55
34 45
32 16
40 51
2 25
9 29
36 47
33 19
28 3
11 16
27 53
13 19
55 28
23 25
16 5
19 49
41 42
4 23
25 35
6 26
59 6
46 26
45 18
45 12
13 47
19 31
40 23
49 26
51 3
42 6
8 1
46 48
34 41
3 58
16 60
15 14
5 1
40 41
10 16
44 14
45 33
25 33
58 7
28 40
4 27
32 49
6 57
21 8
55 36
59 1
42 56
1 13
36 3
28 20
16 21
21 60
54 37
25 43
35 44
14 38
10 37
18 15
34 39
15 20
6 13
20 39
8 13
51 44
15 10
55 30
23 7
22 8
44 38
50 18
21 56
48 22
32 5
36 57
43 42
16 41
55 36
19 54
40 2
29 54
11 23
15 25
30 28
32 5
57 22
14 9
9 1
30 32
29 32
39 36
12 25
3 31
11 42
24 31
35 26
54 42
51 15
9 22
11 58
35 24
6 43
17 36
15 14
25 35
45 3
10 57
20 13
19 22
54 34
52 21
59 37
54 49
51 2
11 53
59 45
17 57
20 25
24 26
38 48
60 14
42 9
2 1
13 20
14 59
53 6
19 44
42 12
32 25
5 34
17 56
11 33
44 22
49 7
47 26
54 46
40 35
46 41
28 59
53 41
49 37
38 59
12 20
2 44
44 58
9 60
53 11
25 36
32 13
34 18
31 27
55 2
54 41
34 13
31 18
45 19
47 23
17 58
42 10
33 17
7 42
16 60
52 32
27 16
37 1
33 7
19 20
60 12
60 33
16 22
43 1
40 29
23 48
26 56
57 59
4 3
40 11
54 23
43 13
30 19
5 55
17 23
14 8
27 13
40 34
34 14
34 5
42 48
44 8
35 32
6 38
26 37
49 20
51 23
24 21
41 20
15 49
42 20
56 60
32 27
34 57
41 59
53 14
47 36
21 13
59 18
51 24
54 31
35 37
53 58
49 25
17 55
13 51
14 60
42 37
18 7
33 50
6 17
4 44
44 16
56 42
34 38
5 19
8 40
55 60
29 43
24 46
37 28
28 50
19 9
26 29
16 50
18 13
6 21
48 49
37 35
30 2
13 27
20 12
6 15
12 34
49 27
11 26
47 38
7 57
47 25
25 54
14 43
58 12
55 45
52 23
19 22
24 23
40 36
35 45
42 38
18 30
56 29
47 34
58 54
31 36
10 55
21 15
29 18
26 16
54 18
38 13
31 54
27 10
21 1
46 2
30 55
31 26
23 18
59 13
3 21
48 12
16 9
26 44
18 44
51 12
53 29
16 23
14 42
24 34
35 1
35 4
55 57
21 10
14 12
22 8
32 9
11 47
9 37
23 27
12 13
38 4
33 45
18 38
26 33
3 52
33 29
56 27
26 8
36 31
19 57
39 51
58 49
29 6
17 51
32 28
56 1
23 28
45 40
58 3
12 60
54 44
29 41
3 46
49 38
16 7
27 46
49 24
27 18
29 35
8 53
45 17
15 22
57 12
24 60
11 17
36 31
58 38
16 38
7 24
44 33
9 25
56 35
42 17
10 41
1 4
36 37
12 50
58 8
1 21
60 3
30 27
26 19
4 33
56 2
56 31
35 5
55 22
31 36
30 40
17 22
35 52
59 47
33 56
46 25
17 37
19 38
3 44
56 58
17 51
60 12
21 34
55 39
43 17
10 59
38 37
42 36
23 14
32 60
30 40
37 49
17 31
32 4
29 40
54 28
44 6
1 51
13 47
21 48
55 31
38 33
7 20
8 21
25 31
12 55
2 40
35 10
11 58
13 31
38 58
58 13
4 50
55 8
36 16
55 31
38 33
55 36
52 2
48 8
25 59
54 26
31 28
36 33
26 40
3 55
38 60
59 41
49 53
48 16
8 35
38 37
7 32
12 50
26 59
57 50
50 43
7 20
2 34
44 19
14 46
5 51
45 3
23 25
56 2
32 55
36 10
32 34
33 35
23 50
34 12
31 15
54 38
26 47
11 9
6 16
54 10
58 30
13 20
54 60
14 25
46 41
26 17
15 59
44 37
48 17
48 19
23 33
20 50
56 17
6 41
18 3
10 30
15 3
21 28
19 7
60 45
15 14
35 58
51 14
6 30
24 20
55 11
7 6
1 54
22 58
34 39
52 43
1 6
37 13
25 48
11 25
32 18
30 6
15 12
11 13
42 35
24 28
45 31
33 37
16 46
34 50
16 18
24 8
23 53
21 40
40 31
56 11
48 25
8 55
37 18
59 10
52 22
37 29
44 1
5 60
46 31
41 53
48 4
1 2
56 21
41 35
43 36
37 23
53 36
9 29
54 7
38 37
20 6
5 56
6 2
47 51
24 27
35 3
22 35
4 10
55 37
36 30
4 13
52 56
40 52
16 25
58 53
2 9
56 55
51 42
45 14
8 20
8 22
46 12
31 33
40 6
2 35
10 45
23 50
36 38
14 25
23 7
25 20
57 21
15 47
2 51
53 2
2 60
23 40
3 53
12 34
50 13
9 60
49 31
41 24
60 46
48 22
53 12
34 49
32 40
27 26
30 11
27 24
3 49
3 5
33 14
31 22
18 39
13 6
1 53
29 60
39 8
22 23
11 55
3 35
34 21
60 55
32 26
10 34
6 4
30 38
9 60
51 26
30 4
23 22
48 43
14 18
42 35
32 53
21 34
27 46
55 18
32 18
43 34
51 40
37 12
17 46
4 7
3 25
2 18
47 42
60 52
59 34
18 31
26 38
56 44
15 50
1 46
59 35
19 41
14 48
53 30
25 48
28 27
12 22
44 50
3 36
41 53
9 58
23 26
27 19
9 41
60 1
19 59
35 29
31 48
16 23
9 40
10 28
59 22
41 34
3 43
1 44
28 1
41 50
26 8
60 26
40 52
26 58
42 60
19 12
39 26
27 47
58 36
7 56
49 47
21 52
27 49
22 7
30 48
6 30
5 46
13 31
35 46
30 53
57 1
19 23
39 8
51 45
3 39
32 15
22 45
36 48
33 50
47 2
29 44
23 33
29 27
3 56
12 25
40 9
25 50
23 3
57 13
40 59
44 3
14 57
47 41
37 19
30 15
12 58
58 27
31 19
53 25
14 57
49 53
57 5
35 19
60 31
24 39
22 59
41 35
55 27
7 23
37 29
37 40
18 27
58 40
45 43
5 50
39 45
34 35
50 8
45 41
39 60
19 60
58 51
26 45
9 24
7 37
52 36
16 10
54 6
49 38
48 45
19 26
30 52
52 11
52 36
51 22
36 1
21 25
43 38
9 51
1 8
19 45
35 26
54 28
31 34
5 18
19 15
43 48
6 26
50 49
2 32
10 29
32 22
53 6
59 54
56 52
1 6
36 35
31 21
54 58
19 4
12 54
51 9
19 32
50 12
3 59
40 26
21 25
31 11
10 18
2 10
23 37
36 54
49 29
47 43
18 5
46 21
58 29
21 9
60 10
20 55
9 52
12 21
16 43
31 17
52 33
18 7
1 53
52 50
13 38
24 22
42 9
42 32
29 2
40 21
4 59
15 12
42 18
32 49
60 54
5 44
26 22
50 19
6 33
8 10
10 31
31 43
31 4
14 52
6 45
12 9
36 18
12 17
6 27
28 10
10 54
24 51
12 29
23 11
39 24
33 1
6 3
5 12
54 2
56 57
10 23
14 13
40 41
47 37
7 14
38 8
59 1
50 2
22 12
4 52
35 36
52 32
31 48
43 16
49 31
13 50
53 18
2 24
50 48
60 56
54 38
55 44
30 44
38 51
47 41
34 21
9 18
53 39
5 27
57 58
43 50
16 45
24 5
53 9
34 39
45 55
23 22
46 9
54 11
22 2
28 6
40 33
32 26
26 21
23 60
2 30
36 6
27 52
2 11
60 35
49 36
30 11
49 7
12 43
17 25
36 37
30 8
9 53
33 26
13 47
25 6
17 1
12 35
52 13
45 43
40 33
19 1
36 7
59 47
41 7
11 17
43 32
16 51
24 48
16 29
26 33
34 42
33 37
16 24
42 52
58 13
25 8
13 60
7 3
38 47
9 40
55 52
3 10
34 18
49 50
46 15
22 12
48 46
40 56
1 21
47 58
25 3
6 37
2 12
39 31
50 40
2 37
31 4
46 4
14 27
45 51
41 58
2 28
43 34
15 35
46 2
33 11
4 30
39 58
33 10
20 14
49 22
50 11
17 28
14 30
54 51
21 34
48 14
53 23
39 8
57 25
1 21
35 4
42 5
53 14
14 13
28 54
26 9
4 34
36 10
4 29
60 16
2 39
21 47
53 60
46 50
24 46
10 50
49 52
54 34
57 60
46 16
45 3
25 49
36 60
50 31
29 49
38 22
19 59
8 12
50 53
53 13
30 54
54 19
45 39
44 34
30 21
49 15
23 13
3 50
5 52
21 33
32 58
54 42
48 54
45 37
38 37
41 8
31 26
18 7
5 1
40 34
48 35
33 42
24 37
25 44
1 48
34 47
30 13
40 14
50 9
43 22
8 13
48 25
19 44
17 59
9 29
19 57
3 43
30 19
12 47
54 12
34 27
58 55
32 29
1 13
30 43
34 37
55 13
54 5
56 10
3 5
31 13
53 25
48 22
43 59
60 37
2 34
55 52
20 26
12 20
38 41
54 12
10 48
16 3
53 12
4 47
8 34
52 60
59 39
13 41
29 13
9 30
38 4
13 57
29 25
17 7
57 10
10 6
50 25
8 34
28 4
12 35
37 55
34 27
33 39
8 53
43 16
15 20
19 27
16 40
43 24
38 40
26 47
45 7
3 45
32 31
40 43
5 16
38 31
43 2
1 42
55 43
57 1
2 8
27 9
39 10
25 16
41 42
2 17
48 56
53 19
26 32
53 23
48 22
45 22
24 37
3 10
19 51
10 12
50 28
12 28
37 36
35 9
17 28
26 56
24 18
14 41
50 59
3 29
20 39
50 43
15 44
44 25
34 53
36 16
21 48
35 49
15 10
58 24
37 23
19 60
32 25
41 21
23 35
41 42
6 30
17 20
5 60
45 31
45 12
46 57
51 20
45 6
29 34
21 58
56 39
57 20
3 29
40 17
4 21
51 9
42 59
20 47
58 56
17 34
8 54
30 50
5 7
47 26
40 7
23 28
46 19
47 40
48 18
49 43
30 39
43 12
37 2
50 26
52 57
43 21
46 47
19 33
12 51
39 34
18 16
45 56
48 24
13 36
6 43
6 48
46 42
41 35
59 30
24 50
26 6
3 4
44 21
28 56
11 6
21 20
14 5
15 1
28 25
2 33
4 47
6 45
13 4
14 28
46 32
33 48
27 16
60 54
51 24
22 56
20 29
56 40
48 15
4 49
47 8
27 44
44 39
40 49
6 25
12 30
12 38
37 3
31 40
57 14
55 19
9 6
39 57
45 26
3 49
6 42
48 32
25 31
10 4
19 7
28 31
36 31
8 4
26 31
35 22
36 29
32 44
27 10
32 11
27 35
