55
50 3 78 56 56 38 68 65 23 85 39 75 95 20 50 67 68 42 92 69 70 83 84 17 41 77 37 62 89 93 0 39 49 78 95 5 68 16 70 91 1 61 18 48 33 20 15 1 62 7 23 85 43 7 2 
2000
5 23
45 52
42 11
44 14
55 24
1 17
12 22
20 55
5 51
26 33
10 28
34 36
36 8
1 51
48 24
23 39
46 54
23 19
9 11
32 8
35 33
25 33
41 44
20 46
26 45
23 22
17 43
45 39
38 45
34 30
13 43
14 45
42 23
51 50
33 14
45 54
46 1
32 19
31 51
9 1
27 31
23 30
6 12
14 43
1 34
4 1
22 4
32 50
26 14
31 46
28 20
44 5
23 37
44 31
25 2
49 34
32 54
28 19
52 31
19 18
22 38
54 47
51 30
24 10
36 55
15 43
48 37
11 37
55 22
25 48
55 43
33 31
19 47
50 16
9 55
20 30
24 19
9 7
35 19
16 15
18 17
44 11
54 42
34 40
8 3
19 8
46 38
25 51
29 6
11 37
6 18
54 16
23 49
22 2
12 25
3 30
41 34
40 26
20 5
10 27
7 15
21 52
52 33
35 25
38 32
49 30
49 34
46 3
27 54
46 38
23 49
54 9
14 25
21 33
29 31
46 23
45 54
6 29
31 40
40 55
17 20
17 10
53 49
55 11
47 45
36 2
25 34
52 38
4 17
2 19
47 48
41 24
33 47
39 50
31 23
49 34
43 52
31 27
45 30
38 37
19 18
25 44
51 21
26 41
37 28
47 16
7 32
10 9
20 28
31 55
6 18
52 36
45 41
10 14
9 16
31 33
4 26
40 16
54 22
30 45
37 23
8 7
48 5
15 12
54 24
37 50
5 13
35 1
26 31
16 1
50 6
13 35
9 53
43 38
42 24
48 37
17 40
28 18
39 4
49 37
27 17
29 39
6 54
14 21
54 51
14 12
30 22
9 17
46 38
27 38
6 30
10 33
47 35
23 27
3 36
44 20
41 4
3 46
3 4
53 1
54 11
54 28
19 50
31 10
19 2
34 11
31 30
30 9
9 52
35 53
19 10
17 4
14 7
49 3
10 47
45 50
22 8
25 39
4 30
40 37
27 2
54 1
10 7
52 31
47 15
28 8
6 28
1 54
30 10
32 19
4 8
49 12
15 5
37 5
34 21
28 5
9 26
5 18
20 43
36 11
45 8
5 37
35 6
35 51
15 54
14 6
6 8
4 7
12 41
11 33
48 25
24 2
51 16
6 15
45 41
25 34
35 16
2 1
21 24
51 23
22 10
15 14
4 18
7 2
45 4
34 25
28 45
26 23
5 18
24 49
4 35
15 25
51 16
26 16
39 21
38 47
30 52
47 20
2 40
22 33
43 42
2 3
18 14
12 22
32 36
3 22
15 4
46 52
6 16
13 32
24 37
10 40
21 2
5 9
41 13
41 16
41 30
18 4
30 29
25 48
51 14
14 53
17 47
49 10
49 48
41 17
17 50
44 24
38 48
32 11
47 4
26 32
20 30
35 50
3 47
42 41
5 43
38 9
21 31
18 14
11 45
18 27
26 6
50 9
40 13
19 31
16 31
7 36
5 42
17 49
20 3
34 24
32 16
19 52
34 36
53 44
12 2
2 38
7 38
46 33
50 51
8 10
26 1
32 17
29 48
10 48
38 31
17 1
46 35
53 11
3 37
41 14
38 42
51 31
24 28
8 5
23 2
15 35
2 33
38 18
13 48
10 37
10 13
37 42
35 21
53 37
2 38
37 26
12 20
1 22
47 50
27 2
51 28
23 40
47 6
2 4
40 11
40 49
24 22
35 45
29 19
13 31
44 49
1 55
55 44
8 34
38 21
22 34
35 44
18 27
36 6
30 20
16 2
55 26
10 35
15 38
40 14
55 28
8 1
14 49
44 22
27 13
42 48
46 9
24 50
35 4
42 51
11 3
52 10
15 6
31 17
31 16
43 24
17 2
18 47
10 44
5 38
24 37
46 47
19 25
37 5
21 47
49 4
44 9
52 19
12 27
21 41
43 51
52 47
39 14
38 48
44 42
17 54
11 8
45 29
19 14
33 26
5 27
30 35
22 13
41 33
26 6
5 13
43 1
4 26
14 29
5 45
2 22
43 12
16 20
40 34
33 5
47 24
31 21
4 39
20 44
16 45
36 20
2 24
21 48
36 21
21 41
10 22
7 53
34 22
17 5
42 49
9 33
4 26
40 7
9 4
37 11
48 5
31 37
15 38
16 50
3 23
22 13
44 28
52 9
36 55
1 10
48 9
29 38
22 14
45 30
4 13
41 39
17 3
7 18
40 22
13 29
44 34
28 19
49 24
15 16
23 15
25 2
10 54
40 31
54 16
48 44
28 20
14 32
22 20
49 48
28 48
21 16
27 49
22 7
4 36
22 14
50 34
15 4
19 41
22 4
1 14
47 16
20 6
47 28
12 40
20 40
33 27
42 46
7 8
52 11
30 5
38 25
15 43
11 23
46 53
23 38
13 42
30 4
1 28
31 7
12 50
33 54
48 10
24 23
14 34
33 39
3 34
26 55
1 17
53 23
41 52
51 2
1 51
29 18
2 41
54 22
26 25
48 5
34 3
27 34
36 5
17 25
38 30
12 26
33 51
35 18
47 31
6 34
13 34
51 15
6 49
23 18
18 2
23 38
4 36
17 26
40 20
37 10
49 48
35 26
30 1
30 22
31 22
55 44
1 51
45 48
31 54
53 36
55 7
18 45
42 21
2 27
28 25
23 8
18 44
44 50
55 7
17 55
37 4
37 26
38 54
11 22
34 52
28 39
28 15
46 29
28 18
53 50
26 2
25 46
36 13
27 22
19 30
21 55
20 44
12 3
30 9
24 50
5 39
20 32
53 11
47 25
15 45
6 27
33 30
4 13
42 18
35 48
47 42
34 12
18 46
1 34
54 11
28 46
49 48
22 33
45 14
2 46
45 7
5 22
36 50
22 10
12 43
2 4
16 35
2 20
12 44
54 13
43 35
47 51
12 23
9 1
13 40
49 4
49 30
54 15
26 10
44 27
55 4
48 43
11 47
31 8
44 17
7 31
38 53
13 36
20 22
36 20
48 30
10 41
46 50
42 16
5 30
29 46
21 8
21 31
54 51
25 42
54 32
4 36
16 17
4 23
25 39
29 17
55 38
45 32
33 31
47 24
6 7
1 26
15 21
43 55
4 12
42 2
30 32
25 33
48 28
55 4
53 28
8 53
14 50
26 19
1 14
31 2
34 5
2 37
17 30
26 33
48 37
10 41
9 51
31 48
10 38
32 49
21 48
9 35
42 22
40 42
35 3
31 13
7 19
37 10
48 49
30 27
30 39
12 25
35 30
17 31
54 49
24 20
41 33
41 27
41 25
55 20
14 30
19 21
35 42
17 14
35 46
41 9
17 39
20 38
13 37
13 12
30 37
18 15
1 3
28 41
14 27
47 28
44 52
35 23
39 51
24 5
29 9
1 45
47 20
27 5
1 39
3 17
18 20
9 45
47 22
4 38
36 34
35 15
1 5
53 24
9 26
19 9
2 11
16 28
2 16
53 4
33 18
23 50
24 31
27 3
39 30
27 20
8 48
21 50
52 18
6 48
30 24
1 31
21 3
45 22
19 43
25 38
47 34
19 15
9 45
4 35
6 31
54 13
23 6
50 20
24 42
12 40
10 54
16 31
2 47
52 7
34 9
44 25
42 7
27 38
39 30
17 44
5 2
44 28
7 25
34 17
11 32
2 7
17 4
24 5
50 8
11 29
16 41
40 2
35 11
39 5
28 42
48 32
43 23
46 50
47 11
53 2
42 54
51 46
44 19
50 39
26 48
54 28
20 25
30 54
36 55
3 8
42 38
26 16
5 4
52 39
14 50
40 43
48 35
33 24
41 14
7 53
6 47
16 55
11 38
41 14
45 14
38 3
30 42
6 26
25 19
7 52
48 42
18 25
10 45
39 3
43 31
49 13
1 51
12 54
34 39
54 10
53 36
54 14
9 4
39 21
10 33
4 2
19 21
14 28
53 39
30 40
14 10
52 2
47 50
55 25
33 53
22 17
33 20
30 28
11 1
48 20
33 51
8 51
4 21
10 1
4 39
40 5
35 23
6 26
17 47
38 36
44 46
53 8
52 14
35 7
14 15
13 46
10 21
28 55
28 37
55 19
7 26
23 41
48 15
54 51
6 23
19 36
13 3
30 9
16 51
16 30
10 28
6 8
16 6
26 23
18 35
8 53
49 48
35 41
15 53
8 27
55 37
23 16
32 38
32 29
52 38
35 32
17 40
26 33
32 51
55 50
30 49
34 10
42 13
50 43
11 2
15 52
25 37
12 1
6 30
29 44
13 50
7 16
35 32
48 11
14 34
47 30
15 12
39 43
25 33
30 35
21 31
18 45
12 17
33 4
46 48
35 45
30 28
6 9
47 53
6 5
19 40
35 33
51 18
38 36
41 45
12 4
22 10
20 41
14 52
20 35
42 49
7 47
2 53
31 50
45 49
34 24
13 16
28 19
36 52
55 8
29 11
53 50
20 17
35 20
1 41
54 42
35 48
20 23
32 50
17 21
31 37
31 43
53 46
7 20
42 6
27 15
3 25
51 22
28 17
42 15
3 27
1 24
19 20
46 51
2 50
3 32
18 34
6 2
24 54
21 52
4 35
12 48
46 49
15 18
11 43
33 55
14 20
23 33
27 13
15 28
49 17
46 12
50 51
55 5
50 21
2 40
42 13
33 32
48 34
36 3
21 55
2 34
20 11
53 33
11 12
47 4
16 37
2 10
19 2
15 55
9 16
27 50
15 46
13 7
24 48
52 31
48 40
51 54
51 49
31 6
47 9
51 7
32 40
4 37
28 5
37 23
7 50
4 8
40 16
1 50
8 39
25 42
24 20
27 6
55 2
53 47
52 35
40 28
19 43
10 33
34 33
55 27
27 3
34 53
18 35
47 13
18 3
54 28
9 26
20 9
14 17
42 53
52 13
25 2
1 21
35 21
53 34
48 11
37 26
8 41
47 41
53 52
30 39
11 39
51 31
34 51
47 7
48 30
19 5
32 6
25 53
27 10
31 6
20 54
18 28
27 52
55 24
48 30
49 45
13 31
20 33
14 54
39 48
28 44
52 46
50 22
43 8
18 6
13 37
4 30
51 30
26 51
41 5
25 21
37 24
39 1
43 52
41 13
44 1
1 41
33 50
49 21
2 11
13 1
34 16
31 30
33 43
12 5
35 23
25 3
33 50
45 20
46 31
32 22
18 32
7 50
14 42
39 14
3 4
30 20
33 49
49 31
53 28
53 9
30 17
4 20
37 54
2 54
18 50
48 31
36 50
19 6
50 21
10 24
40 29
4 34
5 43
48 44
39 10
6 42
16 28
9 52
14 11
37 31
47 16
48 28
52 11
20 47
32 16
2 3
45 6
35 29
11 18
25 3
46 40
18 55
23 31
52 4
6 43
6 40
2 3
37 22
49 55
24 37
3 13
29 25
35 9
40 33
26 9
35 17
48 52
3 15
27 54
5 19
41 11
45 43
55 27
51 35
26 19
16 15
19 45
40 24
17 10
33 52
13 12
35 15
14 49
55 5
54 28
15 44
2 1
2 52
35 27
2 51
29 7
27 13
47 53
23 50
7 42
33 7
54 13
8 54
48 8
3 46
22 5
34 23
5 35
19 27
49 7
9 22
14 22
21 47
19 43
41 12
30 6
18 15
18 13
55 10
7 44
55 28
48 21
50 40
53 35
43 6
27 8
39 45
51 12
1 12
17 6
13 21
18 12
17 24
55 3
51 35
23 45
6 10
44 3
31 36
50 19
29 21
26 12
52 8
10 52
6 26
2 18
33 6
16 49
29 3
52 11
24 6
42 29
2 17
18 33
53 12
51 13
19 21
11 15
16 21
11 21
46 55
39 24
5 41
4 21
43 55
18 53
48 5
13 49
21 30
26 5
28 21
4 46
29 15
5 44
35 16
9 12
2 34
35 48
20 26
13 49
25 18
47 17
22 4
11 29
21 23
21 48
44 24
39 17
38 43
5 17
45 55
29 33
34 50
26 40
7 25
20 32
42 53
35 8
44 32
24 9
55 44
43 30
12 26
46 37
1 37
40 32
36 55
10 1
37 35
27 43
4 47
19 46
44 41
40 32
4 50
27 3
38 15
32 37
27 9
5 14
32 44
46 55
44 55
55 25
21 27
12 24
5 18
1 48
45 28
12 48
22 25
38 47
39 1
15 53
10 19
11 41
7 43
40 50
42 27
6 49
40 5
18 44
22 5
36 11
19 34
45 41
4 27
19 29
28 33
26 24
51 24
51 44
53 23
39 27
49 31
20 33
35 37
8 43
29 30
40 47
9 30
19 54
43 24
27 2
1 40
25 38
50 21
27 47
43 52
18 23
27 38
42 49
6 49
36 34
10 8
13 18
24 18
3 11
42 30
13 42
14 24
12 50
31 38
41 5
34 4
27 47
41 55
27 46
35 8
12 45
2 11
49 25
28 52
22 1
13 34
43 13
45 41
7 20
23 47
25 43
50 38
21 22
25 48
55 4
55 53
35 43
8 16
12 22
54 33
23 11
54 52
10 43
37 16
49 46
7 5
33 44
43 53
52 54
32 51
44 31
35 24
5 29
26 16
51 24
36 5
1 30
50 24
32 43
14 38
48 33
13 22
17 52
20 49
47 8
11 14
18 16
42 30
18 24
28 5
5 28
21 54
38 52
29 51
22 8
28 34
16 32
30 22
25 9
29 35
9 34
37 50
8 55
19 48
39 33
39 31
48 5
29 30
1 2
26 22
51 40
43 11
16 17
32 27
12 48
49 20
13 30
2 20
16 7
54 42
39 38
17 31
42 45
48 29
34 18
51 29
44 25
27 47
28 3
18 40
50 53
46 7
28 34
14 30
40 54
16 11
36 19
28 9
51 20
25 29
24 7
44 13
31 15
46 3
5 8
29 41
48 20
35 20
53 48
36 25
46 39
35 14
2 49
9 52
14 20
12 24
26 1
36 1
2 13
4 48
21 32
34 55
38 13
19 36
47 41
47 24
24 26
24 26
19 20
9 19
39 21
43 10
8 10
52 51
23 42
44 30
6 9
29 43
8 34
10 41
19 1
9 30
13 20
42 19
39 50
37 9
15 11
18 9
21 2
5 30
43 35
46 48
43 19
23 37
39 32
22 44
20 17
18 19
36 4
37 6
54 6
15 55
3 19
9 23
20 13
39 50
34 29
29 8
34 51
44 17
15 10
6 21
13 23
39 49
14 21
13 55
53 15
19 48
47 8
19 25
24 48
32 2
30 20
6 44
16 11
9 29
20 48
9 33
55 49
31 54
49 16
13 54
8 24
23 55
19 29
24 42
21 1
30 37
7 35
26 10
32 34
25 52
13 33
16 54
13 47
52 6
49 52
46 1
20 14
42 38
29 11
24 36
53 41
17 46
20 42
55 52
8 24
35 7
43 50
6 1
28 44
48 21
40 39
9 5
39 50
29 12
47 40
34 31
25 50
22 31
37 8
27 31
19 6
37 6
43 29
48 15
5 41
23 44
11 31
35 36
25 9
34 4
35 12
34 4
6 55
34 29
8 48
46 26
40 15
18 27
43 11
29 47
38 51
23 35
26 44
15 37
39 35
40 18
46 19
21 38
18 42
54 12
34 44
24 18
3 42
32 33
39 5
11 8
55 20
42 25
9 43
48 47
22 33
10 54
51 17
23 55
3 21
54 23
52 22
28 54
50 4
18 33
8 29
27 49
35 13
5 43
42 52
35 50
16 31
48 53
34 3
40 24
23 38
46 19
46 5
5 41
50 9
5 44
37 32
37 4
44 41
46 18
25 12
12 40
29 47
25 8
49 9
31 16
46 8
22 36
55 26
21 49
21 13
38 3
44 19
48 19
47 38
36 3
50 48
42 10
39 53
17 19
6 34
34 51
29 42
19 28
54 26
21 20
38 45
9 13
9 1
32 42
38 12
44 19
46 17
29 16
15 32
34 20
11 55
3 39
41 8
53 27
20 5
46 3
50 54
15 45
54 33
18 23
32 6
42 22
9 2
25 23
33 45
30 43
31 19
13 17
26 52
30 32
2 20
34 51
18 36
27 3
13 44
25 44
36 53
53 44
54 9
54 19
40 28
48 16
33 6
19 45
44 48
21 45
12 42
27 16
22 53
18 21
28 29
52 8
27 36
52 12
31 50
17 15
9 10
30 28
2 48
17 45
40 24
35 38
10 48
53 18
46 2
26 18
31 9
13 44
44 9
42 19
45 4
33 40
13 50
54 14
42 2
45 14
25 24
51 22
17 36
26 49
37 51
53 12
4 10
42 34
5 29
52 36
32 17
20 31
11 5
31 39
6 20
52 31
31 48
39 34
28 9
14 51
47 11
8 50
8 36
29 12
9 12
35 27
15 41
2 25
46 19
9 51
39 47
13 1
26 51
21 40
47 34
36 38
31 30
32 38
10 47
37 19
46 16
45 5
1 34
17 33
52 12
29 22
45 41
9 16
37 29
55 28
49 22
52 25
51 15
49 6
7 30
24 39
32 55
30 20
20 33
52 4
31 12
12 21
53 21
36 21
36 22
35 30
44 31
54 39
45 34
31 38
9 41
8 27
28 38
33 47
2 17
37 33
28 36
53 12
1 20
32 23
28 53
39 3
28 37
29 18
16 4
42 11
45 50
24 17
19 44
50 20
5 19
52 19
54 36
31 41
42 49
8 15
17 6
15 32
10 17
36 52
14 25
46 25
28 51
13 9
15 4
27 12
22 25
34 39
10 21
20 18
35 11
51 38
3 10
15 13
14 37
9 27
48 41
51 20
36 50
28 37
53 55
48 20
11 27
45 21
47 9
38 13
6 20
37 9
29 38
21 29
19 16
1 11
43 38
17 10
33 32
46 30
18 26
36 28
52 13
48 30
21 17
29 14
36 52
22 52
35 29
25 40
44 12
38 31
50 41
27 14
43 21
42 11
49 25
23 28
41 43
32 14
1 54
53 9
37 19
37 49
3 25
47 27
42 41
13 55
54 16
17 29
37 45
39 17
15 6
31 55
35 49
1 23
