29009
29017
29021
29023
29027
29033
29059
29063
29077
29101
29123
29129
29131
29137
29147
29153
29167
29173
29179
29191
29201
29207
29209
29221
29231
29243
29251
29269
29287
29297
29303
29311
29327
29333
29339
29341
29347
29363
29383
29387
29389
29399
29401
29411
29423
29429
29437
29443
29453
29473
29483
29501
29527
29531
29537
29567
29569
29573
29581
29587
29599
29611
29629
29633
29641
29663
29669
29671
29683
29717
29723
29741
29753
29759
29761
29789
29803
29819
29833
29837
29851
29863
29867
29873
29879
29881
29917
29921
29927
29947
29959
29983
29989

