300 300 100
65 175
72 210
232 176
249 20
181 273
248 126
198 60
20 10
126 220
86 28
205 14
273 279
260 231
73 283
67 152
27 246
208 184
61 99
171 140
165 10
137 53
165 113
123 35
7 237
265 1
15 93
73 222
153 288
23 85
289 227
173 142
27 16
168 133
273 88
150 39
144 190
3 287
74 61
298 178
179 133
227 263
186 194
234 52
189 91
18 258
152 178
246 243
76 179
19 114
206 101
291 170
209 50
112 46
224 36
169 162
178 103
297 96
200 116
207 232
242 89
267 226
221 94
26 214
80 298
151 45
267 286
37 195
241 177
265 201
63 218
21 134
283 241
57 71
55 235
25 265
243 297
143 44
10 164
214 169
215 91
77 118
65 234
163 166
119 6
276 128
15 183
176 50
121 298
285 234
251 176
225 10
107 246
110 68
290 117
208 25
195 257
191 38
256 260
18 55
235 76
