100 110
2 1 87
3 2 26
4 2 17
5 3 105
6 5 63
7 1 63
8 7 92
9 8 19
10 6 129
11 1 20
12 8 0
13 3 60
14 12 45
15 14 170
16 13 184
17 8 57
18 15 150
19 7 167
20 19 16
21 12 50
22 7 58
23 21 183
24 23 12
25 6 37
26 10 102
27 15 161
28 18 111
29 5 24
30 26 149
31 27 50
32 1 73
33 32 157
34 30 142
35 1 191
36 24 149
37 20 93
38 20 11
39 14 110
40 37 32
41 7 164
42 38 61
43 41 140
44 7 51
45 17 32
46 43 110
47 36 38
48 29 141
49 12 158
50 34 24
51 24 97
52 14 47
53 11 133
54 14 68
55 37 81
56 53 46
57 4 138
58 51 27
59 11 31
60 54 194
61 17 182
62 18 98
63 29 191
64 10 169
65 34 27
66 41 3
67 12 119
68 24 68
69 9 61
70 66 199
71 48 140
72 6 92
73 8 57
74 71 108
75 55 101
76 60 56
77 20 62
78 13 105
79 19 147
80 17 106
81 63 19
82 1 3
83 6 65
84 19 142
85 30 159
86 45 21
87 7 91
88 8 129
89 78 137
90 70 188
91 66 43
92 42 75
93 17 0
94 51 62
95 12 6
96 56 177
97 22 135
98 51 116
99 87 4
100 47 78
0 0
