1000 95
58 75 62 57 26 23 48 22 41 70 
51 4 18 80 59 56 34 52 1 92 
50 59 22 53 22 7 50 69 84 42 
60 95 17 74 52 95 97 52 69 91 
22 21 47 92 53 6 49 88 10 2 
32 13 61 54 66 84 14 68 5 50 
10 65 45 79 39 98 26 88 50 96 
31 25 69 78 17 22 36 18 10 99 
20 43 12 82 49 78 18 15 47 23 
66 57 88 11 89 79 61 15 19 64 
11 3 89 80 33 58 3 70 77 65 
69 49 60 33 83 62 11 1 77 58 
24 43 68 64 7 57 95 68 24 67 
32 36 70 73 68 3 32 23 25 61 
89 46 10 1 79 94 63 43 47 41 
1 24 36 21 88 43 30 36 12 55 
3 96 43 25 70 63 28 54 87 6 
15 28 52 77 29 84 23 93 27 71 
86 80 47 74 54 35 18 84 23 82 
91 78 78 86 3 0 50 84 54 37 
90 21 65 94 99 46 78 74 91 57 
97 29 38 44 4 92 32 22 28 7 
56 20 86 86 58 89 87 8 34 93 
97 67 15 62 62 66 61 92 92 52 
50 90 82 40 86 38 84 70 12 12 
78 68 84 64 54 43 5 93 3 31 
87 1 98 54 15 12 20 76 5 12 
81 7 54 63 47 41 53 31 11 65 
95 89 33 80 5 39 75 11 33 78 
94 72 79 44 26 95 57 46 23 14 
10 4 21 65 19 20 58 72 3 21 
37 98 11 22 30 68 62 5 79 47 
84 25 19 63 70 97 10 79 95 34 
93 5 38 14 22 10 86 32 82 41 
54 72 39 65 94 22 85 8 27 17 
7 63 42 78 79 64 75 89 43 70 
75 36 28 66 2 2 76 88 35 10 
29 89 82 21 6 29 43 91 89 22 
8 97 86 51 75 17 15 3 58 11 
73 34 47 53 0 50 56 28 90 91 
38 20 32 73 93 38 2 88 29 91 
10 90 40 48 93 16 17 60 19 76 
71 44 10 19 50 62 69 6 42 59 
49 32 31 81 5 24 19 59 64 0 
3 75 90 43 75 83 11 93 44 30 
21 15 27 31 86 77 45 55 35 87 
67 36 71 50 17 77 27 88 36 91 
88 91 18 31 35 94 66 46 39 62 
29 60 30 8 43 16 37 40 24 72 
79 43 60 50 93 77 79 20 17 68 
12 57 59 30 88 94 76 7 41 67 
69 22 79 99 30 74 16 67 66 92 
91 45 35 51 48 28 80 27 1 97 
95 65 6 55 95 95 1 67 54 94 
43 23 16 23 75 98 49 43 17 16 
35 8 13 22 11 61 50 43 41 3 
40 36 68 47 43 16 94 45 92 0 
91 35 23 60 10 50 58 12 93 76 
28 80 36 41 2 0 55 5 43 96 
8 36 84 29 35 80 45 81 25 37 
81 68 24 56 28 35 7 87 47 52 
15 27 33 51 20 35 3 27 40 47 
23 1 35 60 30 70 40 27 51 17 
64 84 85 88 40 14 75 47 53 74 
0 68 53 85 71 26 20 75 53 13 
74 29 14 9 89 96 79 29 23 82 
46 39 66 83 79 58 97 7 58 2 
33 58 70 87 95 94 13 15 21 18 
80 95 47 46 56 36 42 87 17 17 
21 15 56 87 99 36 45 48 95 3 
51 28 13 73 15 8 19 80 76 40 
99 8 87 46 55 95 35 49 82 4 
67 3 20 75 42 71 63 40 19 58 
95 22 87 61 48 54 21 19 35 97 
12 86 6 51 84 13 47 19 62 81 
76 29 85 96 57 79 67 20 19 38 
79 15 13 18 76 13 72 97 84 59 
47 96 45 5 48 82 18 47 53 80 
28 29 62 13 25 19 93 44 91 64 
35 70 79 0 40 7 65 65 57 49 
24 4 46 22 61 46 4 79 93 57 
11 21 87 73 87 64 44 32 61 36 
96 96 58 28 96 99 35 13 64 44 
62 40 0 60 62 61 6 18 40 51 
28 52 73 15 77 12 31 22 44 92 
58 40 40 16 68 36 15 56 1 31 
52 64 72 53 24 86 14 83 57 55 
34 85 59 59 52 36 71 83 58 67 
28 16 8 68 33 28 57 0 36 58 
84 89 22 56 42 99 94 56 34 51 
63 20 36 22 80 88 59 3 24 17 
71 52 86 31 20 71 59 77 23 48 
36 7 37 10 63 31 9 10 87 95 
61 3 16 98 25 48 38 36 51 14 
6 74 66 92 5 87 15 17 16 38 
65 4 46 54 15 61 85 76 71 24 
72 33 27 40 83 53 88 73 41 91 
88 47 66 54 39 23 93 54 92 62 
93 57 66 91 63 81 52 48 10 24 
73 34 57 52 74 92 57 62 65 99 

Q 168 734 442
C 987 57
C 939 66
C 397 58
C 848 75
C 694 81
Q 694 732 24
Q 668 977 36
C 805 16
Q 229 972 625
C 337 1
C 55 16
Q 355 865 57
C 514 39
Q 559 573 12
C 823 90
Q 267 842 262
C 191 57
C 514 86
Q 567 680 12
C 851 83
C 715 89
C 307 46
Q 231 662 58
Q 661 849 75
Q 279 925 15
Q 697 734 22
C 153 61
C 949 28
Q 152 912 720
Q 218 987 269
C 460 98
Q 169 720 289
C 427 54
C 581 30
C 629 63
C 190 87
C 670 90
C 581 0
Q 333 592 54
C 314 31
C 420 42
C 78 62
Q 169 504 299
Q 110 436 290
C 401 74
C 491 43
Q 43 862 752
C 892 85
C 23 66
C 318 45
Q 332 594 33
C 538 99
C 326 49
C 741 62
C 698 15
C 325 57
Q 201 884 178
C 760 74
Q 150 593 239
Q 447 549 50
Q 649 821 45
C 798 49
Q 12 538 211
Q 236 552 225
C 37 9
Q 926 949 18
C 422 81
C 592 35
Q 382 741 112
C 607 40
C 404 89
C 294 53
C 881 79
Q 716 792 6
C 15 37
C 722 9
Q 726 984 182
Q 132 278 12
C 408 84
Q 24 950 742
C 67 2
Q 299 734 95
C 395 89
Q 379 409 16
Q 101 131 24
C 850 49
Q 517 981 288
C 266 76
Q 226 392 150
C 885 9
Q 109 214 97
C 519 59
Q 156 369 60
Q 144 256 66
