30 100
1 1 1 0 1 0 1 0 0 0 1 0 0 0 1 1 1 0 1 0 1 1 1 0 1 0 0 1 1 0 
13 11
29 18
7 20
10 22
14 28
16 19
13 1
23 10
6 4
16 24
20 16
5 17
8 29
3 5
2 25
7 14
5 27
1 4
16 3
17 21
30 3
3 24
5 30
19 21
23 1
17 27
18 20
1 19
14 30
2 10
18 24
13 4
18 22
24 10
24 25
5 18
17 20
20 11
29 7
29 16
4 23
21 27
2 8
12 7
28 27
13 5
6 16
3 19
17 15
29 15
13 20
22 30
11 17
14 1
13 7
30 25
13 3
16 2
21 8
14 25
12 5
30 10
21 24
28 29
8 19
6 20
8 27
11 18
14 16
10 18
4 27
25 11
18 4
1 30
9 30
1 21
24 20
19 23
8 24
5 7
13 15
16 26
23 25
5 15
18 9
11 12
19 7
5 19
28 5
25 26
9 5
18 17
29 22
23 11
29 1
28 21
17 2
5 4
10 7
16 21
