300 10000
0 1 1 1 0 0 0 0 1 0 0 0 0 0 1 0 0 0 1 0 0 0 1 1 0 1 0 0 0 1 1 0 0 1 1 0 1 1 0 0 0 0 0 0 1 0 1 1 0 0 1 0 0 0 1 1 0 1 1 0 1 1 0 1 0 0 0 1 1 0 1 1 1 1 0 0 1 1 1 1 1 0 0 0 0 1 1 0 1 0 0 0 1 1 1 1 1 1 0 0 0 1 0 1 1 0 1 0 1 0 0 0 0 0 0 0 1 1 1 0 0 1 0 1 0 0 1 1 1 1 0 1 1 0 0 0 0 1 0 1 1 0 1 1 0 0 0 0 1 1 0 1 0 1 1 1 1 0 0 0 1 0 0 0 0 0 0 0 0 1 1 1 1 1 1 0 1 1 0 0 0 0 0 0 1 1 1 0 1 0 1 0 0 1 1 1 1 1 1 1 0 1 1 0 0 0 0 1 1 0 1 1 0 1 1 0 0 1 0 1 1 1 0 1 0 1 0 0 0 0 1 1 1 0 1 1 0 1 0 1 1 1 0 1 1 0 1 1 1 0 1 0 1 1 1 0 0 0 0 0 0 1 1 1 0 0 0 0 1 0 0 0 1 0 0 0 0 1 0 1 1 1 1 1 0 1 1 0 1 1 0 1 0 0 0 0 0 0 1 0 
99 18
81 28
230 197
23 35
35 71
102 84
184 74
209 296
255 92
260 298
125 284
31 202
4 13
254 243
87 243
163 237
12 295
264 294
192 38
28 278
160 129
113 95
202 22
142 208
165 101
205 290
85 235
243 88
247 196
82 85
191 296
73 254
291 37
247 234
126 26
211 38
207 23
132 160
96 274
68 261
126 272
2 210
259 244
50 257
139 131
42 81
127 114
35 169
202 281
154 80
59 64
117 265
138 248
124 234
273 191
246 99
215 247
60 173
242 161
129 80
44 222
161 222
88 247
90 289
279 295
120 37
58 236
1 247
236 125
232 260
67 229
58 33
175 170
257 116
30 138
248 73
59 160
46 146
106 135
187 136
129 6
173 238
294 225
237 281
49 168
240 168
97 50
200 23
271 157
191 300
294 190
125 104
49 170
250 206
57 188
41 237
245 213
227 290
138 215
22 238
134 262
157 282
63 109
5 33
265 247
84 10
136 260
113 236
130 114
141 238
53 181
226 298
146 204
39 35
118 61
24 252
74 233
233 136
41 289
220 5
235 3
66 122
15 230
57 196
44 197
133 148
130 110
197 27
14 236
113 131
48 136
134 121
120 67
8 160
107 227
216 42
163 295
211 272
190 6
220 74
153 49
184 50
127 249
37 239
131 84
127 265
204 246
31 263
106 137
189 21
230 221
54 145
268 264
116 209
21 35
283 225
136 218
274 14
218 62
253 48
145 131
12 100
128 94
62 285
283 2
58 212
275 111
108 242
126 275
150 146
62 184
70 197
153 96
262 70
157 214
170 54
96 181
205 224
275 19
260 9
20 17
272 46
127 80
39 4
106 241
149 167
124 271
115 29
118 77
150 274
42 19
79 138
252 36
113 278
54 72
286 125
89 257
171 267
88 209
271 194
149 171
112 25
141 227
105 258
55 254
284 96
273 114
285 224
253 202
221 238
27 61
194 249
27 34
209 49
227 58
220 38
134 112
16 238
243 105
218 267
218 202
242 67
51 194
20 23
131 98
135 77
46 213
110 255
262 36
64 181
125 249
292 193
186 113
262 128
217 231
95 187
185 36
5 287
230 24
9 112
174 143
188 271
55 297
225 68
84 40
300 261
288 44
153 225
156 166
105 125
97 251
11 281
38 67
267 19
90 27
131 15
221 18
286 27
67 262
95 150
2 94
162 41
137 14
18 45
232 122
169 28
72 231
60 109
297 78
128 138
104 10
153 76
27 138
102 145
99 248
47 152
94 208
245 282
274 262
26 205
83 246
232 206
228 43
14 224
120 193
62 275
202 266
50 281
155 203
125 5
151 171
157 244
79 101
277 52
114 55
256 196
300 239
101 228
33 166
203 204
111 16
178 12
281 279
44 187
181 169
192 83
91 48
78 169
200 55
272 13
109 279
260 160
269 112
139 1
29 42
256 139
109 133
203 142
111 246
28 44
166 219
126 257
18 204
177 269
258 201
33 66
179 44
277 200
155 116
252 184
157 208
74 17
40 28
158 203
274 186
246 191
156 71
199 174
274 76
194 283
28 227
100 206
270 77
157 177
192 109
112 100
16 185
116 107
213 26
61 238
211 6
180 118
129 79
291 154
206 237
137 233
215 288
190 184
64 47
112 7
155 223
158 222
160 26
80 124
51 141
61 13
198 292
130 26
70 173
232 27
161 120
259 75
107 149
10 223
247 122
281 153
44 191
74 255
216 205
78 18
45 190
82 243
182 263
20 3
187 3
30 47
122 40
121 281
240 131
255 186
252 235
90 47
125 215
2 92
120 131
161 164
21 242
158 254
205 230
8 91
232 37
190 54
129 10
86 68
192 40
6 195
26 95
294 151
10 47
294 181
177 155
44 249
96 254
202 52
183 210
195 114
298 84
219 126
145 4
246 37
95 3
231 121
149 224
23 158
270 16
90 199
222 134
147 70
139 101
121 21
62 15
186 59
98 157
237 243
212 234
31 7
236 13
179 84
237 201
294 258
268 83
208 242
268 55
11 158
155 131
178 268
198 116
26 47
272 14
41 183
299 71
189 234
84 119
70 72
19 115
81 39
249 289
280 217
95 290
74 1
172 4
268 69
171 293
116 142
59 156
76 57
227 265
43 62
135 112
185 154
278 265
244 226
5 223
142 99
99 135
23 66
204 193
111 71
86 169
226 161
277 204
177 19
17 12
182 201
217 159
218 160
85 222
134 278
21 97
245 119
283 19
185 238
263 295
8 48
215 286
261 191
241 137
262 258
200 143
210 116
2 127
275 86
49 160
115 121
256 60
130 175
176 93
221 236
192 187
221 152
78 213
41 39
170 240
233 132
56 234
258 82
71 58
242 186
178 249
297 117
239 178
43 167
270 264
102 214
150 74
117 279
286 157
69 208
97 2
39 204
287 296
37 58
54 30
295 283
279 291
99 217
168 194
83 190
209 236
155 110
9 271
89 47
128 209
254 276
262 292
231 249
39 19
58 144
49 52
127 27
94 277
295 13
170 130
254 130
117 108
240 126
131 80
224 10
288 177
285 250
220 267
250 10
285 7
154 33
110 32
111 255
8 158
267 230
287 273
59 103
80 298
280 210
77 203
219 117
131 255
118 102
273 119
112 10
125 17
94 286
48 205
240 107
114 206
36 100
178 147
254 10
144 286
271 273
240 242
141 123
248 10
224 273
128 87
282 252
155 75
289 202
31 228
61 144
185 148
243 115
294 249
124 190
234 146
214 225
139 54
47 87
63 271
59 190
109 92
193 264
166 181
217 197
160 277
92 44
125 87
158 118
35 33
59 20
179 272
244 17
25 291
155 139
13 265
80 121
56 24
84 274
204 53
222 115
29 13
159 205
99 16
75 185
49 133
204 279
105 200
295 181
190 202
72 254
218 151
74 26
175 210
51 130
245 42
36 103
247 135
170 73
71 218
205 275
196 61
226 243
242 115
196 13
120 113
215 245
190 141
206 240
271 219
211 267
261 299
121 259
185 290
83 255
260 287
281 155
149 41
72 44
105 191
209 71
136 98
212 41
90 182
12 300
200 272
50 20
282 234
9 64
189 268
102 169
175 201
127 75
293 198
141 79
220 28
228 131
120 17
64 131
69 263
154 118
34 135
104 94
250 292
62 52
212 288
4 38
62 297
288 232
145 128
62 116
155 42
298 274
110 113
157 230
127 10
100 160
145 203
254 146
194 67
197 157
54 253
195 167
249 234
151 145
61 212
13 267
5 10
292 167
175 148
96 1
158 195
161 54
149 166
199 94
232 148
251 37
152 197
203 100
130 105
296 190
69 60
208 73
122 199
239 296
99 87
296 8
281 208
61 182
125 11
275 108
210 225
121 99
212 250
203 260
191 271
19 98
96 192
49 86
187 199
172 235
206 205
142 18
86 267
80 60
74 42
37 270
154 157
120 118
159 22
77 101
45 147
251 192
39 51
249 149
211 154
223 138
71 2
249 196
43 285
217 249
194 36
66 52
110 142
152 206
40 154
97 130
204 73
107 152
221 17
57 25
69 279
162 191
33 111
139 127
147 55
75 40
91 140
143 252
33 47
157 73
200 253
202 104
25 8
7 298
25 64
22 145
42 236
88 126
46 226
253 244
280 27
284 122
167 126
125 199
172 281
23 72
233 225
227 10
284 233
7 60
296 28
205 90
263 292
215 60
269 219
56 300
246 39
122 164
216 246
114 88
279 137
113 137
272 148
121 278
208 117
58 112
258 72
155 172
184 123
91 239
174 88
29 295
3 244
293 116
31 23
4 293
233 168
181 257
16 2
234 223
170 43
86 127
166 192
40 39
279 68
86 281
11 78
149 94
100 204
138 84
72 19
40 87
20 26
61 189
120 198
67 286
189 116
87 54
8 126
92 38
193 177
71 256
6 219
101 157
122 238
293 245
8 84
31 27
109 143
267 281
40 33
266 228
201 53
33 208
230 177
297 175
53 67
130 111
37 282
19 159
271 11
155 279
95 238
57 255
80 76
235 120
160 253
99 60
5 184
19 286
60 16
160 164
82 41
274 119
22 45
29 45
55 183
23 201
208 200
206 194
71 66
146 221
177 202
104 196
188 215
211 47
79 292
140 104
110 161
148 190
205 255
73 279
207 244
110 114
195 67
60 17
184 205
159 93
256 98
8 166
144 138
209 35
241 71
196 141
260 152
95 84
183 53
219 222
110 278
239 294
234 228
54 92
20 61
189 79
278 85
216 186
119 157
256 66
49 268
270 143
51 152
195 130
195 165
104 4
142 94
49 76
21 154
219 92
214 108
223 243
244 138
129 62
46 136
180 94
103 149
288 206
52 235
35 246
99 190
1 293
283 102
68 55
255 286
199 221
145 121
163 88
10 291
202 108
179 81
253 281
281 241
238 32
227 25
29 77
214 81
69 197
182 188
3 189
174 201
109 70
73 23
210 135
14 111
242 244
243 194
224 275
186 214
58 164
238 86
241 151
218 61
99 100
249 102
40 174
54 148
243 179
170 204
13 235
14 254
178 8
199 154
282 137
67 39
300 4
176 292
206 94
53 5
245 53
158 284
278 263
131 220
141 52
124 205
39 189
210 216
197 109
121 230
297 239
269 296
294 196
40 200
289 144
256 285
196 165
268 173
127 150
144 20
254 19
224 292
260 134
259 208
294 80
137 290
18 157
37 64
105 76
263 145
271 218
130 218
82 97
90 260
299 286
279 252
56 255
295 67
88 253
274 133
84 163
122 154
71 158
217 175
286 179
20 256
148 149
174 281
297 15
240 47
52 271
298 160
225 44
226 64
297 252
196 80
114 17
233 184
226 201
111 211
79 130
219 278
30 92
258 78
158 250
125 210
220 174
69 196
218 294
259 214
245 154
45 110
222 30
46 199
230 156
162 61
37 80
38 118
223 48
195 80
297 19
289 268
193 109
163 162
155 121
127 151
26 171
252 6
197 182
213 58
189 31
118 111
130 12
191 126
83 231
93 27
40 7
188 246
179 14
96 256
236 56
254 188
113 203
121 25
12 114
25 201
196 142
11 26
206 253
203 288
184 48
14 275
54 201
220 233
214 15
188 201
123 194
88 235
96 208
12 159
21 88
59 217
230 122
294 135
74 196
122 9
243 135
283 297
87 254
281 52
21 168
113 40
129 260
299 140
119 20
228 177
288 209
298 281
95 124
176 268
132 171
154 167
167 240
120 147
291 192
66 242
34 231
33 215
190 32
106 8
51 85
185 90
293 234
70 139
57 297
167 259
107 85
198 278
283 240
170 101
182 255
31 214
169 220
245 275
228 47
59 164
136 104
149 257
242 206
6 100
198 224
58 4
9 8
281 291
247 202
91 180
157 173
94 77
93 90
103 20
189 214
235 24
69 83
33 10
40 38
161 237
261 219
240 21
278 273
64 224
226 206
104 82
79 249
211 171
90 65
242 278
278 176
54 46
10 86
108 50
175 268
286 187
238 278
260 215
250 23
191 175
228 46
9 6
294 271
176 135
113 65
96 218
162 106
3 21
155 229
41 140
167 278
169 126
245 118
148 187
45 76
232 105
133 277
75 61
111 109
229 275
225 25
192 87
130 246
107 36
174 147
227 93
125 96
218 121
213 118
7 9
193 238
113 77
266 187
137 76
48 118
103 272
142 294
58 23
240 217
58 165
63 284
257 239
79 227
59 44
44 117
104 288
106 217
64 71
155 253
199 254
70 1
226 211
294 35
233 285
251 42
202 66
77 210
4 156
136 115
251 179
231 54
218 89
22 282
159 177
234 57
182 3
57 159
265 103
87 196
290 288
13 66
198 17
273 85
131 223
16 113
29 233
201 50
214 60
278 199
168 212
201 225
70 165
79 15
113 165
205 223
220 154
291 244
219 253
286 247
186 238
48 151
49 78
50 217
289 2
193 58
73 83
187 35
237 143
9 208
296 52
203 286
224 121
290 261
67 227
199 167
78 299
244 179
267 284
232 211
41 150
233 165
285 120
251 273
262 260
180 10
11 134
295 286
255 284
247 73
263 197
239 40
270 214
217 201
124 10
103 57
226 87
59 241
188 290
123 296
235 77
32 233
150 294
129 140
85 76
74 54
41 42
6 164
103 160
272 29
246 199
257 56
192 144
45 141
93 220
48 220
12 249
213 192
89 49
19 214
154 59
7 159
275 110
19 298
190 16
249 146
72 140
41 168
280 185
139 168
263 187
139 26
135 103
218 223
151 288
188 4
99 195
56 285
122 245
300 70
142 123
209 182
43 241
66 181
160 80
67 299
106 202
153 75
176 4
59 212
10 273
36 65
9 158
227 202
235 136
135 277
128 200
158 287
279 276
37 136
229 190
210 157
193 24
272 3
235 33
28 271
149 36
96 106
162 83
293 296
59 120
247 268
107 277
296 143
165 224
32 74
80 276
279 84
135 6
54 283
93 233
191 241
90 104
23 83
151 133
202 149
101 60
126 148
255 42
71 38
115 203
66 264
5 96
99 192
101 204
174 245
136 117
185 225
220 259
59 123
92 13
271 244
72 148
91 78
189 213
116 56
115 181
19 172
276 169
63 128
72 288
124 259
104 9
183 76
267 294
198 110
6 168
53 77
16 143
207 204
56 22
11 222
254 29
145 281
197 207
160 20
247 283
278 50
43 213
125 62
206 22
242 276
39 257
212 225
18 223
147 23
3 43
3 252
250 214
271 196
297 291
161 122
52 118
195 275
28 136
250 118
144 119
115 108
96 132
30 294
155 84
36 209
87 37
175 58
284 123
58 281
165 270
154 217
87 48
243 166
236 244
35 79
62 149
186 209
202 187
103 238
147 189
274 73
298 258
195 55
290 60
76 143
28 162
242 22
79 177
265 114
8 78
262 245
287 294
212 188
232 14
177 131
254 151
203 252
160 98
6 149
209 134
291 236
295 232
9 126
161 273
239 168
102 252
112 88
298 75
28 229
140 204
59 94
106 262
45 265
111 102
113 19
235 155
6 282
139 66
159 299
38 149
218 191
100 81
31 97
156 58
78 47
13 188
140 119
149 236
135 11
90 248
81 24
154 138
57 292
203 267
290 292
115 207
183 267
40 265
63 195
22 192
241 86
80 133
256 280
68 91
43 157
90 123
233 243
13 41
235 215
8 276
259 174
235 193
140 274
157 203
220 230
146 212
15 225
44 23
257 164
113 299
121 56
248 185
97 182
100 156
210 110
29 144
2 169
169 158
123 88
87 20
299 153
245 95
175 253
258 39
251 29
44 123
137 292
8 233
225 159
140 134
268 220
29 269
140 197
178 262
36 264
34 35
168 278
129 95
230 138
133 232
218 177
220 61
38 144
219 177
30 238
149 58
7 135
2 42
150 35
76 18
64 256
112 45
145 296
276 63
224 29
168 143
142 206
39 112
134 68
102 282
177 59
270 183
194 23
225 43
57 52
112 120
60 223
164 204
219 191
18 194
271 186
37 164
91 75
276 224
194 77
258 70
187 279
253 80
1 229
123 109
32 234
228 91
209 143
47 179
33 64
72 55
249 108
219 91
234 246
67 127
74 24
197 260
2 201
40 54
129 214
162 160
199 141
3 107
283 49
37 67
112 109
121 113
268 91
203 202
36 269
80 109
44 276
69 97
228 108
150 56
73 63
268 271
203 270
78 237
70 114
3 181
274 176
293 242
266 248
195 54
268 274
162 64
2 282
160 229
141 62
37 213
124 4
184 79
25 13
15 94
178 70
26 152
245 71
145 262
18 91
15 37
64 229
100 117
210 260
46 51
73 134
15 196
137 198
274 213
262 41
58 140
110 83
43 106
153 187
119 222
277 134
11 92
209 75
121 6
139 192
141 27
89 166
239 51
206 48
130 284
172 35
222 291
8 250
176 18
180 1
115 52
6 292
245 196
183 137
222 23
54 212
73 260
259 66
26 141
49 250
227 270
240 234
219 115
4 12
155 183
12 269
234 70
12 230
265 194
66 239
217 120
131 161
107 208
1 207
157 279
177 148
212 147
14 215
210 220
149 222
189 83
43 252
146 130
297 114
1 199
154 183
59 12
142 111
219 299
89 147
198 52
293 212
131 167
176 71
249 270
23 13
194 25
85 246
223 238
180 33
2 21
143 220
71 283
118 269
34 162
232 52
271 291
185 219
12 259
283 40
178 228
116 262
225 90
251 104
122 4
177 16
275 247
50 92
267 135
254 198
187 69
12 209
112 196
127 123
206 162
214 83
141 29
96 66
118 98
221 291
102 97
58 128
44 107
220 62
242 225
260 180
293 23
88 156
270 266
31 175
9 20
25 104
137 194
253 57
237 106
154 294
101 153
10 42
129 21
273 173
43 60
29 12
77 111
238 256
54 246
275 130
101 163
24 54
219 260
159 124
5 92
124 105
296 186
198 176
206 170
49 1
281 129
64 110
239 54
65 44
299 91
174 100
253 249
153 223
260 63
99 264
207 222
69 254
107 18
130 65
240 178
117 272
6 232
81 244
285 197
39 284
39 212
83 43
212 287
266 171
101 64
187 7
37 7
261 144
24 90
260 263
267 76
287 24
59 119
19 44
16 57
79 54
21 213
149 232
199 166
155 299
229 41
58 17
47 18
160 122
107 171
137 125
298 123
200 57
241 218
100 8
26 178
114 98
90 262
82 40
127 236
90 107
28 147
123 126
216 35
299 74
205 135
250 255
9 149
11 2
118 162
9 144
91 174
241 232
135 22
271 13
119 88
11 294
213 226
28 212
300 284
98 249
238 107
150 300
108 267
161 168
162 251
42 103
182 176
176 204
241 185
16 59
272 26
104 237
3 183
200 2
167 297
3 156
103 152
156 262
170 16
130 32
19 171
186 200
46 61
104 286
297 171
196 200
9 198
83 208
252 1
204 6
208 59
209 63
20 78
131 149
161 149
19 46
159 203
154 207
125 250
227 20
202 287
270 36
194 273
88 150
278 295
260 186
58 279
15 240
180 176
88 198
273 187
66 131
142 220
38 18
221 16
38 122
3 59
209 248
31 296
149 60
291 108
297 100
139 11
39 18
186 178
215 159
116 33
41 257
252 130
275 172
146 64
46 200
174 6
199 256
2 48
15 44
207 11
143 45
73 233
62 11
110 29
221 225
61 261
234 64
91 260
287 288
75 84
239 248
90 137
203 143
236 269
186 195
31 80
239 103
12 53
165 173
81 85
97 193
98 30
256 188
41 242
227 115
26 165
62 167
53 16
9 41
235 66
221 36
277 85
260 109
170 56
53 267
138 8
206 178
2 184
45 79
100 106
245 152
174 5
244 209
198 230
27 274
207 247
9 183
44 4
75 96
22 264
156 227
142 209
162 186
39 261
43 35
165 268
39 108
229 236
38 255
261 244
253 269
178 87
288 273
91 114
121 112
78 28
91 271
288 252
208 26
213 2
60 77
270 98
184 250
256 45
268 208
65 198
294 104
222 136
217 42
248 46
121 38
16 108
289 275
185 201
277 244
29 298
93 213
247 229
237 202
25 205
161 141
154 206
244 75
42 213
169 41
10 41
149 118
52 85
71 80
81 99
77 225
11 75
154 300
276 230
71 109
94 66
235 187
30 155
227 40
196 56
169 96
173 220
180 295
300 260
185 156
203 90
155 178
19 110
66 141
270 211
207 257
97 288
111 75
79 6
130 247
153 54
167 33
49 218
44 142
45 280
297 247
69 204
177 140
65 294
280 87
204 238
43 52
226 153
126 4
211 255
251 63
8 169
95 108
86 191
249 182
170 298
129 239
253 5
78 17
298 109
103 253
47 145
4 272
50 129
27 260
22 194
197 169
2 34
111 2
216 280
51 96
270 3
20 149
208 174
153 254
19 156
277 120
36 3
79 222
32 152
115 280
72 168
14 182
170 229
162 220
24 131
223 175
230 294
75 189
167 227
142 237
134 170
56 221
224 186
142 255
38 256
235 109
176 300
291 45
228 204
16 3
177 67
283 3
255 202
281 148
138 114
17 246
131 227
247 220
234 233
81 109
232 123
205 211
26 221
213 111
210 141
230 193
143 184
94 123
32 283
288 100
228 73
92 111
30 285
23 110
145 255
232 50
165 9
270 78
172 179
218 101
123 113
36 216
287 119
251 275
219 178
99 10
40 202
100 70
186 123
231 82
77 215
131 293
275 152
122 146
83 92
298 205
204 34
173 242
152 123
216 70
52 67
132 144
268 231
265 205
53 195
286 181
161 169
226 136
72 47
33 206
190 31
111 93
116 35
35 267
209 2
89 12
120 272
155 87
202 119
43 7
66 81
239 278
1 164
113 72
263 198
278 152
228 140
297 43
226 83
61 186
84 201
197 256
172 104
42 126
274 137
132 39
217 122
17 217
40 300
78 69
151 57
260 147
99 237
229 212
122 65
164 71
20 36
174 113
161 147
238 217
217 254
133 254
186 225
253 264
293 104
20 5
2 171
241 231
134 63
47 297
185 118
32 58
230 244
256 231
39 193
147 256
198 32
209 84
256 162
99 300
17 170
4 18
40 297
300 173
111 98
170 295
215 253
52 197
249 59
127 287
4 273
294 201
36 63
168 186
63 184
56 118
253 95
166 5
20 276
102 241
270 17
193 73
213 141
180 135
63 225
87 171
179 175
233 98
60 47
217 286
14 82
290 33
58 143
273 27
100 123
110 283
213 41
117 276
265 255
198 196
129 130
45 189
177 78
107 93
63 120
226 104
152 283
246 176
62 157
145 213
279 6
195 192
46 63
219 62
17 116
9 146
297 54
86 173
131 192
17 245
12 243
100 215
277 97
91 38
253 287
250 284
292 196
227 37
258 145
150 275
12 211
172 8
264 257
233 146
200 249
142 211
243 241
178 220
37 268
257 42
254 259
77 297
154 3
85 112
199 234
138 210
269 159
17 201
4 216
202 145
179 144
137 56
115 226
75 72
19 80
82 95
76 235
97 160
98 47
145 287
256 41
295 276
199 11
177 255
279 130
151 157
25 288
264 140
213 38
263 231
169 44
77 244
30 173
155 180
271 51
166 226
91 213
201 42
275 129
296 253
10 146
161 35
185 124
174 97
213 136
79 81
231 207
76 260
131 230
191 101
33 57
26 123
269 279
164 243
248 169
57 108
255 241
232 128
90 196
15 220
29 245
127 104
256 257
86 147
58 118
255 135
240 223
165 156
217 76
66 164
244 122
272 250
115 255
129 256
202 143
175 230
139 53
34 146
10 119
44 119
288 298
5 279
220 170
134 189
245 252
52 240
73 75
189 239
29 17
194 231
211 121
173 245
115 290
52 102
287 57
133 259
278 266
147 222
217 250
161 42
25 101
280 105
117 226
87 27
46 299
127 218
243 124
152 110
113 255
211 152
63 95
110 40
113 8
261 81
9 173
122 85
273 154
131 276
219 176
26 45
145 269
221 48
78 33
3 40
236 65
187 97
157 299
156 117
79 165
42 253
249 14
106 190
155 288
218 73
163 243
170 7
263 142
107 92
174 109
132 162
225 18
258 81
68 114
250 146
30 291
98 278
168 262
242 85
87 156
79 256
215 42
149 21
133 74
129 16
235 105
85 193
238 152
58 187
298 87
229 147
116 284
246 43
119 32
199 198
39 113
239 187
185 123
260 13
139 195
169 223
139 106
75 248
292 124
34 220
270 149
184 253
166 54
251 74
280 241
12 164
116 271
228 254
217 96
176 107
202 2
54 245
177 139
217 147
288 224
269 171
176 134
276 211
249 227
284 280
219 47
143 34
69 70
39 286
218 215
268 250
115 145
88 83
291 75
6 11
297 181
145 273
91 145
251 126
125 221
7 241
89 45
278 6
11 121
176 279
70 42
125 217
36 130
227 33
11 123
57 153
268 59
279 144
279 150
162 37
142 250
82 119
7 92
292 234
122 113
276 296
22 152
264 58
281 191
142 43
13 250
196 32
8 226
175 38
127 37
127 269
38 208
139 97
82 173
295 109
220 16
260 184
125 293
126 266
35 190
267 282
274 26
259 148
116 86
236 242
106 26
149 296
122 251
126 255
123 120
64 43
187 23
278 12
67 155
29 154
44 48
135 17
73 146
181 88
229 81
135 50
32 260
5 154
248 70
142 277
114 175
208 248
243 33
145 159
272 127
63 205
266 291
285 101
93 68
112 149
274 243
268 221
64 161
250 144
6 16
234 1
100 130
159 123
257 273
16 12
74 108
79 238
8 104
77 295
239 26
190 60
157 245
45 163
12 30
212 73
286 168
98 12
193 113
75 19
272 154
256 31
9 187
57 85
110 122
106 267
118 203
181 130
284 95
292 195
219 277
114 16
41 7
180 115
25 203
20 32
218 41
113 150
88 223
271 193
241 88
147 173
269 131
77 185
41 191
253 81
249 184
196 25
139 215
56 123
295 25
164 108
174 251
82 196
195 74
35 42
246 4
224 212
68 52
148 108
294 152
241 242
88 188
266 226
154 73
48 149
97 211
8 22
213 89
217 160
162 4
253 159
59 176
70 126
285 273
173 277
214 260
164 232
185 18
56 284
218 153
247 225
226 159
13 195
70 226
198 22
84 256
249 205
81 228
225 117
200 97
94 113
108 257
96 44
28 243
56 274
167 281
184 231
175 254
208 72
275 43
79 224
247 211
203 172
28 102
20 121
214 128
171 207
213 250
201 20
223 120
300 159
50 227
164 10
50 190
52 129
39 15
222 66
168 293
238 134
172 119
195 43
25 159
292 225
178 267
44 177
177 146
155 40
207 205
229 258
33 94
8 71
189 28
274 126
161 145
296 55
239 20
213 283
297 142
249 92
70 177
237 225
216 195
129 144
153 161
237 160
283 149
141 223
176 114
49 88
10 96
142 249
116 106
231 164
299 231
255 68
107 244
292 22
138 120
217 290
32 206
202 67
54 42
289 281
207 89
68 216
185 261
164 52
118 94
215 116
76 169
183 182
112 175
255 2
46 172
291 130
77 192
196 182
285 184
25 229
107 209
241 22
260 58
168 174
173 243
94 55
177 258
281 131
259 27
2 1
156 130
245 103
11 229
38 224
172 62
204 30
22 144
51 33
201 270
206 73
213 52
180 141
9 160
271 19
186 25
19 93
154 15
247 217
296 285
192 167
98 96
248 120
239 50
152 192
20 110
264 284
161 143
124 221
239 292
118 9
85 24
24 31
292 19
67 183
237 165
30 184
36 21
233 187
212 4
48 227
287 208
256 170
167 125
179 3
148 254
24 152
74 260
16 155
195 103
290 86
183 37
13 169
297 186
61 286
98 227
110 28
282 10
281 67
200 4
218 25
15 286
180 209
88 54
139 129
192 21
218 256
190 266
141 220
193 253
231 118
69 212
127 101
278 27
103 170
233 34
130 20
88 269
201 31
289 118
286 230
83 178
201 27
130 157
275 189
272 153
290 249
231 145
196 34
15 128
67 144
200 206
164 100
236 153
269 273
82 103
129 31
191 249
91 217
190 114
70 179
114 300
23 10
33 89
189 152
233 88
57 96
239 45
300 207
69 134
168 190
1 58
190 143
27 79
257 70
95 32
79 180
120 19
31 104
107 139
252 97
235 251
136 64
274 3
5 274
113 195
169 139
25 124
286 34
193 80
117 23
11 236
42 93
92 200
284 43
48 218
45 103
221 233
167 246
235 223
272 47
169 140
237 194
263 222
279 208
54 95
282 64
30 75
209 173
274 192
267 74
109 64
176 82
296 42
79 282
17 50
81 185
189 17
78 204
291 56
111 44
202 92
159 284
167 67
156 192
10 123
265 119
252 233
234 30
80 46
187 20
63 16
223 53
124 33
148 25
177 6
8 95
125 164
38 134
38 55
4 275
195 7
259 180
37 224
182 168
270 68
187 84
188 206
194 35
231 122
92 290
216 268
102 242
8 157
268 254
164 278
185 252
119 223
185 57
58 20
218 245
225 164
31 207
285 174
197 253
142 101
258 295
95 265
151 62
270 14
265 293
272 135
267 208
192 24
227 109
268 204
24 50
110 9
223 58
261 64
211 218
58 5
234 261
118 255
274 157
160 291
201 131
39 68
190 17
177 209
220 200
10 82
260 233
191 272
48 101
189 158
157 174
118 275
128 91
183 288
133 84
170 258
250 260
25 192
277 253
152 248
205 162
81 216
146 272
188 193
124 128
2 219
255 181
10 189
220 194
272 90
203 274
49 228
217 77
232 68
25 188
281 157
104 126
128 43
71 252
170 172
284 223
91 290
104 152
178 23
45 150
164 248
175 213
227 91
41 210
210 117
98 191
274 253
68 101
295 138
104 164
10 87
87 152
128 242
3 6
16 47
207 180
46 81
144 272
223 184
182 132
53 31
74 78
283 142
230 29
31 34
244 92
172 30
243 300
23 297
57 39
270 89
147 113
113 69
48 46
252 152
76 26
229 110
219 159
190 249
244 133
93 115
215 87
166 237
27 179
288 296
267 134
160 131
202 208
176 206
231 288
164 149
198 53
149 141
186 241
255 100
80 173
146 115
41 186
110 59
71 270
190 25
229 117
230 39
120 160
26 35
88 208
63 25
201 70
124 280
294 263
194 191
77 234
76 239
44 199
102 152
63 56
7 122
30 146
29 145
170 281
266 45
260 259
8 205
149 136
138 277
126 182
227 85
76 19
300 54
291 62
109 50
235 138
195 263
34 117
296 299
161 7
257 220
212 158
108 49
186 233
282 112
70 200
260 145
218 11
250 261
124 58
10 58
248 204
72 281
72 67
74 288
204 285
197 63
296 119
245 117
18 256
261 287
266 211
247 89
20 8
198 19
212 270
52 283
267 213
122 223
197 71
285 34
204 32
152 149
148 221
104 161
259 70
123 258
210 194
265 160
265 228
181 16
263 268
150 281
181 23
203 129
93 240
214 297
145 223
37 248
135 48
69 257
5 31
202 269
242 166
249 122
233 211
141 82
191 73
105 146
202 197
85 115
245 159
232 89
81 20
89 215
119 209
223 123
291 125
144 232
54 194
56 244
266 212
89 219
109 225
86 105
84 69
194 164
140 34
131 259
242 53
133 285
177 276
216 219
119 21
193 172
168 283
212 256
202 72
233 39
176 16
107 69
231 298
154 61
256 148
132 42
116 47
12 235
119 204
158 84
204 25
67 115
33 20
186 265
58 61
32 216
213 87
127 169
9 65
85 124
164 97
110 282
52 20
44 184
121 128
203 6
144 12
119 227
227 52
293 191
138 119
111 72
162 119
188 298
295 103
94 156
85 146
175 202
152 271
137 273
150 91
278 294
102 148
220 80
199 212
82 81
160 295
199 47
150 138
101 286
283 27
49 127
159 199
217 188
244 18
36 215
97 234
179 66
22 260
146 181
7 97
280 299
93 181
136 245
218 171
272 208
57 72
34 215
270 250
102 213
267 189
128 115
232 196
17 130
129 75
278 160
73 70
40 261
15 9
131 38
216 239
109 1
205 131
250 58
95 268
247 274
31 65
68 100
194 248
174 171
107 247
241 198
259 7
206 141
44 173
79 204
173 35
34 174
92 129
193 90
154 26
262 185
91 30
284 36
29 157
207 136
155 199
33 113
257 291
253 300
215 83
255 140
117 41
65 209
169 258
298 22
283 12
258 125
93 241
161 121
98 119
256 252
69 41
117 25
152 30
188 20
70 5
228 290
262 278
64 244
289 21
121 133
14 281
253 163
99 261
1 282
103 18
235 254
99 175
25 221
179 253
210 140
282 25
98 255
154 111
235 158
118 138
55 170
172 297
4 274
279 165
113 3
137 43
7 46
182 288
123 16
23 214
82 9
146 241
243 200
111 166
197 166
139 14
156 169
172 14
62 178
112 243
218 286
11 278
205 33
244 286
41 67
91 238
7 85
138 117
251 34
35 141
10 29
210 233
94 271
110 205
214 79
109 146
60 52
183 152
170 25
90 176
162 227
45 164
12 131
56 110
20 65
138 229
49 232
200 159
188 165
289 130
140 97
27 199
200 262
50 69
286 139
297 199
117 93
62 128
223 170
238 242
234 127
223 283
58 122
193 298
38 233
127 177
30 153
127 281
114 228
50 152
102 235
242 216
63 164
157 70
230 79
252 296
285 289
281 163
217 62
67 95
42 233
23 143
136 141
240 237
75 181
96 288
292 5
58 222
135 161
261 87
209 297
127 189
159 96
250 225
190 43
209 212
186 44
104 177
281 231
58 184
119 205
224 163
209 281
84 44
193 44
182 153
92 60
41 250
226 97
137 135
60 22
230 164
198 262
94 7
198 264
212 121
126 172
153 261
267 45
56 200
198 147
260 290
96 166
84 74
262 220
293 189
237 190
203 82
197 100
220 275
31 72
235 298
168 291
197 117
189 208
159 37
126 294
110 87
213 121
160 205
9 148
146 263
281 42
62 78
253 33
52 284
156 286
33 24
28 281
192 217
189 50
253 14
43 114
152 7
263 109
257 244
202 70
21 155
103 124
190 258
33 189
202 225
157 142
26 161
207 121
274 111
127 259
226 142
183 203
30 255
57 184
78 246
141 239
167 174
179 121
98 35
14 175
247 273
295 272
83 174
230 8
15 233
247 16
245 182
218 26
136 275
209 214
272 49
204 191
274 82
168 76
298 114
48 292
137 182
217 66
50 188
246 46
69 216
71 204
169 213
132 72
103 105
205 165
228 72
241 277
237 40
268 73
222 237
190 162
37 169
125 21
233 21
117 88
178 21
252 105
145 244
81 133
284 100
36 147
66 255
138 219
119 175
87 250
34 263
270 275
60 254
48 176
41 225
248 293
81 144
236 213
277 271
64 182
175 100
28 293
106 218
263 276
92 101
225 177
64 246
151 123
50 292
122 49
36 202
193 23
166 221
102 220
81 181
264 186
98 226
161 241
27 137
117 142
82 268
16 32
217 65
75 39
165 110
292 109
133 210
29 178
139 130
97 219
63 113
104 212
38 16
205 116
152 21
257 285
40 272
68 257
88 143
47 253
4 90
61 188
299 90
65 137
271 214
55 85
26 210
49 115
283 180
273 239
216 65
263 284
21 102
178 67
106 181
156 219
69 155
60 185
43 82
98 150
167 175
59 267
42 88
219 24
267 243
14 183
7 276
166 79
130 95
197 235
275 105
153 95
11 264
280 53
46 77
202 264
252 13
230 293
100 200
68 66
194 81
248 201
109 165
31 238
259 228
224 286
32 129
80 42
92 59
146 137
188 48
152 191
60 81
235 211
32 2
276 226
82 276
178 190
192 208
127 203
187 51
188 270
179 19
63 22
78 209
211 17
8 62
207 119
195 141
29 226
194 4
203 275
217 223
40 95
125 226
145 12
196 75
30 258
149 159
218 59
227 225
120 133
43 14
25 71
292 218
127 194
274 161
79 65
290 152
266 237
278 48
195 126
258 164
184 237
89 56
121 183
121 146
254 164
115 132
58 59
288 83
219 119
147 226
73 188
77 91
125 54
190 71
232 199
234 167
222 256
205 95
101 210
258 267
26 80
198 47
235 49
113 59
155 2
181 138
200 114
4 35
188 278
42 144
72 142
53 81
160 145
148 237
224 296
95 257
196 29
6 8
139 212
9 19
49 260
184 52
46 71
81 87
214 152
280 18
233 140
214 80
76 138
127 60
11 273
17 258
265 191
37 25
261 137
284 197
188 82
267 269
172 148
250 156
39 164
235 166
53 114
86 294
72 139
81 207
112 42
43 147
290 282
228 256
2 148
240 174
47 190
29 85
105 16
250 209
129 227
75 266
104 142
285 237
48 96
30 90
294 19
72 222
69 214
298 167
155 27
251 11
94 252
271 274
231 45
239 202
242 95
44 226
31 91
73 60
233 66
78 4
39 103
128 159
68 126
25 274
204 275
284 297
22 209
50 260
162 43
106 257
48 144
247 32
210 76
87 300
231 214
159 298
39 183
272 294
210 7
42 188
13 63
148 114
23 9
68 65
124 66
96 33
142 182
32 72
147 190
121 186
125 92
151 273
273 163
35 120
28 109
128 288
289 145
268 56
209 91
173 56
123 14
289 206
137 136
148 258
73 24
101 3
57 251
275 81
165 62
200 245
170 79
232 158
224 199
265 184
289 190
240 163
203 228
121 92
115 20
101 187
43 201
204 216
179 120
277 130
64 199
208 48
108 183
298 73
14 58
253 216
37 73
59 152
92 159
112 279
284 67
247 214
186 275
43 2
173 3
49 281
185 46
105 3
84 118
112 89
85 149
161 144
300 5
54 89
190 217
120 174
283 66
92 234
170 265
236 270
245 172
15 101
227 151
218 38
239 2
186 151
197 237
155 3
78 45
219 197
270 202
14 160
122 157
93 43
12 117
217 230
280 134
267 270
188 205
121 84
193 27
138 270
123 57
218 92
10 283
252 131
140 96
173 260
176 236
77 179
13 45
160 293
179 178
14 66
82 134
213 39
296 35
147 266
179 156
248 182
38 139
277 210
151 204
197 279
82 209
23 241
253 201
119 19
18 252
278 116
9 26
151 155
291 81
62 290
262 99
129 290
60 279
194 256
257 27
216 279
20 169
232 190
187 249
141 90
271 171
258 279
196 160
240 246
227 253
294 103
137 239
110 93
266 26
124 37
194 55
226 132
55 118
273 26
40 230
56 287
141 293
224 80
238 203
84 34
61 78
188 198
16 298
23 113
219 46
151 26
164 175
51 203
157 158
242 297
150 165
77 140
119 212
173 180
289 112
77 57
109 118
89 183
283 158
202 201
255 52
278 118
227 80
73 135
238 14
131 87
230 259
226 49
171 150
280 211
262 56
267 122
225 56
57 207
265 258
160 219
62 137
89 40
217 213
174 206
278 4
292 207
263 270
7 133
171 286
43 132
93 62
6 18
117 62
276 133
71 135
103 132
24 243
171 292
155 44
197 132
100 188
91 62
209 97
246 80
83 40
263 227
101 20
81 272
153 204
35 181
172 157
1 68
8 130
213 268
227 158
99 61
250 62
39 102
81 35
71 214
6 275
169 163
282 203
96 232
160 267
140 213
87 127
12 146
9 277
165 235
47 135
25 85
237 157
122 176
245 134
298 156
152 137
68 290
15 132
108 52
9 45
15 55
140 168
299 10
226 173
186 10
214 276
76 158
161 73
14 64
261 133
54 28
264 292
102 123
43 111
168 109
199 108
266 198
118 243
122 3
278 80
193 138
204 258
201 165
90 6
244 106
298 45
280 92
155 147
201 72
297 151
100 48
256 221
102 12
91 200
268 294
157 221
210 298
278 205
103 27
250 135
119 156
281 71
227 30
221 158
43 73
257 51
293 59
62 248
137 204
199 157
197 55
129 159
53 158
63 207
185 64
41 55
177 198
155 149
107 197
221 64
299 214
122 60
213 10
15 112
166 264
218 46
122 22
204 236
229 140
300 21
146 70
168 300
218 275
38 247
104 159
59 68
220 73
231 86
36 201
183 209
222 138
277 196
275 170
166 120
291 85
172 261
151 148
118 6
58 176
73 278
1 56
115 36
256 297
297 177
135 193
131 111
88 105
224 23
283 200
266 133
47 84
138 105
11 263
99 25
244 95
253 130
287 135
293 126
239 25
130 215
99 270
61 134
221 79
18 20
162 208
176 172
222 9
235 291
256 33
67 251
127 71
133 113
206 125
238 144
201 119
58 51
140 171
184 113
249 254
132 110
33 82
67 267
124 22
299 190
24 177
260 208
289 165
32 278
61 284
148 118
40 270
152 288
275 35
149 135
41 182
268 159
232 251
280 255
127 292
163 168
156 246
197 216
282 97
136 125
89 39
113 64
73 261
250 165
194 218
23 146
96 92
260 274
193 290
172 90
206 153
186 43
272 73
167 112
163 31
175 235
151 289
146 173
134 205
178 281
296 189
7 130
63 199
120 286
40 25
190 277
119 161
101 37
272 263
68 199
197 163
75 99
203 272
271 37
176 200
69 224
89 127
53 203
78 224
188 117
300 77
146 118
289 246
155 260
209 274
188 284
256 90
255 278
178 183
230 247
158 18
125 262
272 202
186 211
71 185
287 216
55 275
213 209
286 173
234 196
82 121
231 89
210 238
66 88
172 47
86 29
42 87
112 227
297 234
164 35
201 218
9 113
178 47
38 111
294 119
231 224
207 192
213 24
164 186
274 206
25 137
184 21
70 99
68 116
214 171
107 207
41 89
183 299
281 95
23 259
23 94
82 48
51 106
236 287
179 57
137 286
78 205
101 263
149 67
186 8
273 226
96 207
225 76
2 299
35 284
195 109
129 276
208 180
134 143
218 12
199 54
49 28
290 159
267 175
166 292
153 13
198 77
89 251
127 175
234 21
35 63
296 242
136 211
244 86
113 274
193 154
184 159
29 49
202 181
61 100
9 201
75 284
155 109
98 202
102 91
135 237
53 78
22 16
122 186
41 14
40 224
224 120
24 126
300 137
225 60
37 26
24 158
53 126
300 187
114 52
17 188
73 160
203 112
136 126
231 159
3 282
41 84
5 286
247 117
137 22
27 190
147 26
128 13
78 144
33 272
160 235
136 295
113 118
154 115
146 192
35 202
230 281
18 66
55 44
255 253
122 83
265 251
136 58
245 23
53 57
140 258
224 291
209 69
183 244
270 112
276 39
177 30
83 184
283 204
18 247
154 295
163 104
57 50
161 2
72 265
110 211
202 131
153 136
74 174
299 101
213 227
131 47
2 179
111 207
174 273
10 230
22 170
283 145
135 145
229 61
290 134
196 63
7 246
164 271
69 34
210 70
212 20
276 85
45 37
67 118
259 49
263 93
193 70
252 122
130 242
7 77
56 65
22 271
36 193
16 156
226 225
226 138
297 253
274 41
42 40
210 300
141 172
144 85
293 95
258 174
88 264
29 23
166 116
216 182
158 248
82 206
253 108
298 294
199 208
293 39
131 188
282 133
297 70
97 299
265 125
21 130
292 288
63 262
233 273
262 66
178 266
173 228
259 72
135 3
110 17
190 285
192 223
118 241
44 266
239 8
142 11
190 133
299 252
146 231
276 159
296 206
133 82
35 25
190 227
300 59
24 157
103 165
49 217
295 194
228 176
167 60
10 158
130 197
62 164
222 251
142 273
61 60
15 84
268 169
300 135
212 48
51 207
294 250
229 98
196 208
25 62
271 96
283 84
11 256
87 205
228 147
283 284
163 282
118 74
82 220
32 75
169 12
224 116
219 248
177 237
34 199
84 68
283 95
23 69
51 250
267 66
295 249
49 157
283 166
283 64
138 66
78 113
174 48
112 50
37 197
1 120
264 35
266 286
287 121
82 282
122 130
190 104
48 172
167 185
238 108
272 115
166 83
217 202
32 217
22 295
3 287
33 157
55 19
29 136
52 150
17 242
253 64
113 171
248 102
278 190
220 249
56 86
84 272
287 115
188 60
99 245
98 153
264 127
40 67
276 56
8 281
120 173
151 119
26 181
60 246
129 116
31 264
87 69
78 27
181 291
268 279
235 118
183 250
244 274
17 271
29 76
251 200
248 154
71 274
34 130
219 214
297 1
178 136
121 7
214 1
297 233
31 284
50 265
233 45
238 1
68 19
77 18
218 24
223 40
49 256
222 19
170 218
19 99
105 192
105 18
244 154
189 52
291 121
149 229
174 216
299 250
285 268
25 208
8 74
215 229
92 136
198 163
234 3
54 91
72 297
296 74
23 184
126 14
294 281
241 292
230 225
11 255
184 18
80 99
246 223
234 144
85 220
198 138
62 269
187 109
43 209
44 220
274 99
193 19
80 185
10 61
109 21
67 293
90 146
69 128
283 205
99 180
95 160
20 242
241 63
161 215
214 105
289 295
105 98
67 224
69 284
295 189
163 277
94 262
156 240
220 193
297 212
255 158
178 168
14 163
212 3
157 69
100 275
292 293
234 112
276 229
1 190
257 146
151 165
220 56
267 170
177 145
90 191
7 53
193 215
241 164
36 174
28 63
154 28
252 111
225 155
275 61
178 246
168 93
265 134
14 142
84 88
260 28
2 132
71 294
48 158
220 75
102 275
235 78
129 209
206 57
190 216
64 272
122 147
59 81
226 113
213 48
106 260
205 77
34 228
150 187
254 84
16 83
45 205
140 250
13 42
120 254
225 130
81 284
96 175
105 253
30 271
209 242
76 110
180 215
60 192
145 264
166 122
146 246
105 108
4 252
282 108
256 219
241 208
267 149
149 33
124 224
142 55
191 253
298 198
184 194
214 49
15 59
46 171
166 49
209 130
169 77
166 109
9 185
217 132
160 110
186 102
63 183
300 246
76 213
294 143
23 39
13 240
140 187
190 48
16 58
176 233
147 85
57 59
195 294
160 257
228 211
123 247
37 210
188 228
96 77
27 163
186 202
95 103
165 264
28 11
121 242
181 281
250 108
191 203
163 66
201 111
14 290
217 219
278 296
81 164
197 228
18 113
243 98
176 290
233 296
284 114
276 233
273 219
188 135
284 88
298 49
129 69
250 98
288 280
93 120
195 289
47 212
154 289
9 29
31 294
24 14
159 52
298 131
22 237
18 57
77 15
105 205
83 55
2 122
34 94
242 280
135 288
191 288
29 252
245 143
246 173
285 267
110 2
23 186
16 128
142 151
272 19
237 265
253 240
162 33
191 229
143 187
124 266
289 69
190 26
36 51
27 110
236 95
289 78
245 274
273 268
292 261
233 41
84 237
281 297
269 223
226 163
110 49
180 150
117 69
175 204
120 202
66 107
296 54
236 292
28 208
11 71
169 295
112 4
231 144
300 251
66 277
113 175
25 44
113 199
149 284
268 26
233 253
117 153
247 280
123 156
232 189
132 97
140 139
154 4
90 54
287 241
268 77
140 287
154 81
33 86
33 201
291 32
13 3
53 244
191 237
92 6
197 232
196 50
235 285
103 274
226 122
50 117
108 203
249 192
40 34
145 30
65 25
228 129
79 280
72 22
27 164
265 133
259 68
106 236
241 207
52 101
161 300
292 253
33 188
282 149
212 261
277 291
293 101
12 260
16 90
124 214
63 140
98 21
207 256
256 200
214 59
300 75
27 143
231 60
44 194
21 72
184 13
224 247
24 291
36 199
256 151
39 54
61 179
196 274
237 195
290 126
294 220
238 37
113 258
22 84
47 45
74 135
296 82
135 207
30 247
137 226
220 126
172 20
224 213
132 134
5 297
143 165
97 216
300 143
13 73
277 8
206 13
41 40
220 122
38 108
233 271
183 277
73 67
163 78
115 57
25 293
157 37
117 186
96 23
62 169
9 152
277 108
161 209
130 241
65 64
182 131
19 296
188 12
10 212
4 167
300 120
52 95
282 256
170 42
107 146
106 30
207 223
94 175
112 275
6 130
141 32
198 259
15 249
53 157
250 86
112 119
179 270
16 80
236 121
109 194
43 202
68 206
177 125
87 251
121 227
282 80
174 232
38 189
232 142
45 181
51 158
177 118
237 164
109 85
299 176
291 227
53 129
108 158
5 281
141 94
169 73
236 265
5 266
172 56
225 111
15 215
208 123
52 206
51 94
184 103
222 60
79 29
269 83
10 110
229 178
182 164
143 186
218 270
166 232
236 73
55 287
30 157
80 213
24 89
30 293
224 39
154 152
269 87
67 111
272 247
228 17
2 145
129 273
292 183
91 39
38 101
92 62
189 174
106 112
264 259
263 232
45 81
94 68
28 22
218 173
146 240
65 70
195 102
170 39
163 59
212 268
222 175
278 237
107 22
17 200
142 96
273 277
125 191
150 124
288 47
115 268
203 179
37 149
281 259
187 195
17 98
163 290
25 140
226 131
214 295
82 107
49 284
90 36
82 204
3 284
133 63
50 19
257 66
169 171
107 193
63 33
75 28
27 208
134 116
14 268
82 62
4 171
150 137
126 152
121 208
243 5
109 243
187 67
94 78
221 279
245 234
48 54
300 197
190 126
100 10
33 95
14 107
86 89
189 247
83 141
208 213
282 53
42 202
32 286
136 82
64 235
135 63
183 24
188 282
34 273
76 99
131 214
239 19
160 22
211 125
223 130
226 6
115 113
87 230
47 273
293 229
296 232
262 81
204 90
180 86
3 170
104 214
191 67
236 178
257 158
7 234
215 173
46 53
103 144
25 147
78 85
153 34
174 32
119 228
254 223
141 144
289 230
107 137
186 165
38 167
153 192
10 229
38 81
1 115
148 143
237 267
70 190
241 211
34 281
192 214
256 51
50 141
215 171
195 46
125 232
178 126
99 146
31 298
288 267
157 256
288 211
155 244
261 256
136 228
178 128
231 266
11 201
109 240
78 259
85 108
257 125
74 272
182 282
228 253
223 215
215 129
210 228
84 46
155 13
225 85
278 1
262 40
253 123
279 30
81 116
189 37
240 14
61 173
296 40
125 218
6 39
47 216
266 182
13 172
9 224
289 270
264 241
144 242
22 277
109 210
65 48
224 125
272 219
164 96
188 222
220 201
76 166
241 84
89 282
105 52
274 249
46 296
225 154
257 289
254 180
166 225
150 81
73 90
2 259
75 190
162 46
211 83
64 125
103 37
125 200
84 101
106 41
141 111
272 6
35 122
87 107
211 88
117 37
278 279
83 119
215 45
96 68
163 199
105 39
150 240
139 255
32 31
65 4
37 152
177 175
10 139
175 43
157 9
214 123
234 23
99 90
113 1
7 113
282 124
116 70
275 44
296 36
182 9
52 122
117 17
245 222
182 157
70 167
180 221
256 44
221 37
295 227
201 28
50 16
149 76
59 144
164 292
204 77
99 7
199 267
23 195
188 257
51 10
123 282
282 131
26 202
219 72
180 119
151 282
186 51
57 244
246 272
287 149
49 85
156 299
52 230
193 291
186 295
300 9
29 33
191 106
234 109
177 166
147 112
129 255
107 74
229 129
25 32
111 269
23 296
15 74
56 43
107 246
106 128
9 84
206 155
195 86
162 53
211 140
197 185
218 178
65 242
209 175
262 283
223 28
109 278
123 267
276 22
58 81
150 67
165 55
273 111
193 186
216 103
287 242
41 104
235 250
278 248
284 200
276 92
230 98
58 205
119 168
234 201
75 258
12 19
196 227
121 272
90 160
266 131
263 200
132 292
200 115
192 175
272 16
77 142
183 61
162 168
14 288
178 25
6 73
3 126
37 9
274 299
261 105
272 234
34 230
106 57
250 180
294 111
98 28
83 103
100 85
281 144
229 69
204 202
120 164
59 162
11 252
216 255
185 166
186 230
276 37
237 126
280 164
156 260
59 84
81 14
37 200
61 252
228 207
112 238
158 79
193 42
244 130
271 272
166 259
149 230
30 128
145 237
72 220
268 160
119 145
7 179
149 234
137 12
172 294
90 116
87 86
297 109
57 163
120 257
144 201
137 223
294 208
142 261
119 12
158 125
242 58
111 78
69 282
123 210
149 209
295 145
70 103
59 189
59 254
89 143
293 225
117 38
184 11
299 54
22 208
179 16
265 289
93 85
22 216
294 170
176 289
66 245
91 125
133 202
130 221
197 212
212 132
222 262
186 244
169 116
11 185
156 103
269 229
70 263
150 246
3 215
190 145
46 221
295 141
53 58
127 274
20 64
269 188
231 279
125 86
134 93
14 203
55 215
148 109
130 90
254 272
164 299
244 210
140 38
205 244
148 84
217 167
147 238
106 130
268 230
215 101
23 281
56 129
195 255
238 76
48 259
189 43
169 80
133 125
23 280
208 292
229 251
236 248
49 203
234 156
83 181
256 206
262 55
164 203
98 84
261 57
261 168
48 106
274 28
108 261
275 288
163 75
242 96
297 58
90 212
260 239
48 293
220 8
49 180
37 201
175 145
161 202
132 75
28 126
202 198
101 49
233 149
106 23
112 117
13 159
162 233
218 262
112 145
110 201
97 36
237 228
84 265
53 6
26 254
255 178
3 188
78 160
262 189
29 274
100 242
206 17
203 70
161 12
270 9
48 66
18 36
52 46
158 77
51 112
254 53
299 31
265 12
272 45
286 71
286 243
139 188
64 52
252 33
60 299
98 77
34 91
177 138
188 86
214 238
198 220
43 248
250 59
260 273
103 297
43 88
239 234
27 3
285 278
87 44
28 237
173 114
251 266
187 164
255 84
83 49
83 85
107 42
57 209
90 152
48 29
85 75
83 121
104 221
216 132
157 88
245 287
241 195
4 127
110 259
7 44
81 114
138 189
74 227
7 176
248 89
48 51
62 264
234 270
103 178
257 43
124 260
169 286
270 130
226 62
194 63
250 267
289 42
140 296
217 139
136 17
242 249
280 175
219 82
105 175
125 228
186 45
265 208
227 194
236 152
214 257
147 254
298 39
1 266
229 189
282 170
137 13
97 55
281 271
232 219
15 197
126 241
90 113
144 97
293 57
63 102
281 63
119 210
3 153
131 140
246 259
197 296
59 74
288 200
238 132
48 282
240 152
172 2
5 205
117 124
114 171
62 192
27 8
151 257
119 286
111 218
129 48
29 288
80 252
42 136
156 210
11 21
80 38
17 142
230 43
201 132
51 290
275 192
150 85
109 30
184 209
248 141
215 41
276 71
250 287
143 82
24 211
275 253
5 227
84 56
216 98
41 178
26 201
260 209
109 269
172 108
109 86
208 150
174 51
231 198
261 257
202 18
183 38
73 150
39 279
30 116
179 289
24 39
9 195
146 169
33 46
196 178
42 178
127 55
135 81
72 69
170 196
219 56
296 257
86 77
125 264
54 126
95 251
47 127
118 192
32 212
69 159
18 203
291 89
24 160
36 242
267 31
250 52
67 276
222 172
102 68
122 200
194 118
2 63
9 33
243 43
84 233
183 107
144 218
48 110
300 50
213 159
123 279
134 96
163 24
186 108
171 202
272 248
83 266
43 166
251 277
25 94
195 124
256 246
173 168
156 296
199 42
91 100
28 6
123 266
204 35
269 227
283 51
245 25
268 195
1 292
40 247
116 295
245 40
163 100
87 61
212 221
235 87
238 47
102 193
82 70
172 64
172 116
131 101
191 298
96 187
89 10
38 176
105 33
203 39
85 272
32 166
41 255
281 212
122 172
103 183
64 285
36 6
192 122
192 229
297 13
159 101
45 61
191 216
252 276
187 36
193 280
290 174
97 45
46 212
29 81
263 160
184 154
89 180
166 299
33 263
112 223
230 115
250 168
150 143
147 192
68 90
3 164
186 100
181 44
28 143
204 263
297 44
195 214
94 227
228 205
201 157
20 151
293 223
64 166
275 250
266 102
268 146
146 295
40 101
10 88
144 204
2 237
182 281
194 82
138 265
284 214
185 28
136 49
139 200
214 166
201 179
19 168
76 216
214 116
16 223
178 256
96 111
193 126
5 228
256 226
237 146
177 203
11 77
297 262
76 13
184 278
223 114
286 70
224 274
110 168
99 114
96 189
55 103
248 291
245 11
119 78
92 115
76 113
152 11
142 75
176 127
196 100
19 250
119 166
138 225
268 252
278 112
93 121
278 130
260 53
294 164
116 136
238 43
14 185
194 166
190 213
115 61
78 5
285 98
256 4
65 1
20 94
214 90
294 173
194 287
36 61
174 25
104 240
210 297
105 151
261 271
211 91
275 248
3 4
97 94
186 62
235 179
286 180
217 22
241 143
82 59
92 186
262 105
156 224
195 183
223 82
164 226
299 233
291 184
114 279
52 96
173 202
191 6
12 35
139 98
197 33
166 196
96 2
41 95
286 83
9 162
10 98
14 252
103 25
286 45
298 176
194 246
260 226
116 177
173 212
178 213
6 215
47 35
193 53
126 254
266 51
66 275
200 79
279 54
155 264
98 204
192 44
149 203
21 265
228 9
157 233
224 203
267 116
7 145
247 186
299 147
16 277
200 171
74 235
93 275
138 113
239 217
5 218
225 213
150 200
115 168
68 121
144 259
74 194
105 89
222 56
105 85
200 197
59 37
61 49
253 117
266 230
129 195
15 46
56 209
49 26
267 60
291 72
144 190
20 254
279 133
2 231
249 267
212 30
133 93
224 166
40 291
263 175
201 18
135 56
229 184
81 248
295 123
71 138
13 90
143 291
274 144
273 275
162 237
4 46
81 279
263 120
269 226
47 169
295 233
225 276
168 57
223 162
180 293
51 244
134 193
286 108
36 10
82 249
298 137
294 78
115 257
250 84
234 48
4 228
203 148
89 125
61 268
169 112
263 3
162 92
61 243
131 138
188 245
94 189
80 79
236 84
6 268
115 261
137 227
222 6
38 236
60 94
235 221
237 296
215 28
106 45
165 293
182 121
88 169
256 146
136 122
106 2
25 242
229 298
234 58
111 220
278 47
267 244
127 72
117 81
53 50
253 140
218 208
285 106
81 90
159 105
84 139
103 30
140 267
7 169
66 274
113 192
97 152
234 265
284 286
178 284
141 28
56 299
132 139
138 286
125 59
12 132
157 92
72 5
295 6
270 279
18 272
18 265
186 158
131 46
213 50
91 37
161 154
168 88
283 76
179 54
81 225
203 206
136 221
229 206
115 228
102 288
120 14
116 270
89 150
255 230
83 198
75 218
175 106
169 42
33 26
64 186
66 236
252 207
249 54
208 116
75 296
17 172
66 272
153 60
89 235
257 215
205 126
217 79
283 137
215 236
5 280
223 256
61 145
39 135
192 55
59 257
78 263
16 218
198 25
132 154
202 49
284 185
185 104
251 151
91 255
182 65
262 119
287 74
263 77
261 206
132 71
162 261
33 230
179 282
6 10
110 119
91 47
274 94
197 116
100 79
180 62
197 218
187 212
295 147
117 178
217 31
138 250
12 68
283 17
78 118
275 187
288 66
285 13
211 182
128 10
12 7
123 260
276 10
171 270
156 40
122 37
126 185
104 108
201 233
277 175
172 264
292 156
276 202
89 103
264 100
161 138
60 189
199 282
158 107
73 57
145 56
78 300
163 30
257 156
155 248
11 131
202 152
285 217
251 198
54 62
86 253
96 295
59 168
103 41
114 299
96 243
299 258
273 283
138 4
228 200
186 181
51 170
97 54
119 203
167 256
207 262
251 17
182 105
57 295
237 102
161 261
241 273
224 250
101 27
171 250
80 290
152 246
245 58
260 247
74 141
52 130
187 155
33 123
8 193
136 143
202 76
115 266
244 90
215 97
127 197
193 123
122 131
96 173
260 282
79 44
156 86
280 190
67 146
155 62
235 122
259 255
297 85
144 80
38 239
4 49
220 134
92 128
217 236
95 123
298 30
296 207
80 254
162 128
90 64
69 101
272 212
180 9
151 236
69 201
249 40
280 119
289 248
54 84
123 103
165 118
10 296
72 223
123 213
286 191
13 9
155 193
70 57
180 179
178 248
131 179
287 163
297 28
110 102
163 232
205 27
50 214
74 173
188 196
42 55
49 221
233 278
156 207
6 148
226 171
175 299
246 128
38 84
277 23
128 18
77 176
238 9
206 157
176 113
115 152
69 100
290 74
299 112
35 276
282 261
26 77
256 163
107 232
186 235
249 262
162 238
23 119
146 198
232 261
101 300
112 143
125 163
254 211
138 287
223 216
63 296
187 18
210 45
1 95
31 1
57 245
63 84
28 46
96 128
45 259
22 221
121 275
183 11
14 105
278 128
152 164
198 62
260 198
156 291
199 264
94 49
271 121
95 118
1 191
77 22
112 249
49 294
189 2
203 138
63 163
36 271
205 234
234 191
121 28
239 144
200 33
224 89
274 87
90 74
80 152
135 282
140 75
284 42
213 98
256 300
68 212
285 54
102 105
133 41
300 32
284 296
153 9
82 242
82 214
94 268
247 285
94 230
78 58
28 86
57 147
297 41
200 99
191 197
116 263
261 151
11 114
159 144
107 292
109 252
11 56
236 104
37 66
162 116
151 270
263 199
63 214
297 260
298 239
208 113
202 169
15 264
282 225
159 140
92 278
75 79
81 111
144 294
227 46
245 26
154 293
37 203
232 244
67 185
112 81
148 145
5 6
285 272
25 76
249 99
262 50
75 240
147 90
136 151
288 67
147 54
251 258
155 243
207 139
215 232
266 215
296 43
272 123
282 171
212 213
261 79
298 96
281 37
214 127
90 216
137 28
65 291
181 237
255 198
151 36
120 199
79 144
73 112
14 284
25 26
62 74
174 95
221 251
3 57
279 119
142 31
185 96
132 100
285 210
73 8
93 97
300 31
45 273
282 99
29 260
217 180
260 59
262 196
41 19
298 35
94 219
177 141
136 176
171 232
148 152
30 229
163 298
160 174
108 121
69 14
62 51
50 154
240 247
222 33
166 140
263 94
280 150
269 151
81 169
54 162
149 269
159 8
142 19
180 263
32 242
13 133
95 133
232 87
79 153
171 296
45 133
34 110
226 114
30 32
27 178
300 186
237 193
204 116
155 287
109 219
119 256
42 234
7 212
229 103
97 70
127 130
231 104
296 260
187 22
137 238
207 73
131 162
240 37
200 49
4 110
173 97
43 231
8 24
34 104
145 212
286 75
34 254
2 222
46 73
162 74
85 169
196 140
278 68
50 296
148 83
151 292
66 113
116 151
66 170
124 8
182 169
133 107
205 294
232 42
162 127
181 191
194 117
15 296
112 162
130 262
205 176
150 22
288 17
224 105
186 47
164 119
267 296
226 172
289 157
265 202
284 145
145 229
13 211
276 176
73 106
190 29
281 39
51 268
55 274
124 293
73 287
163 39
283 88
262 23
297 226
225 32
71 121
12 135
31 288
11 155
93 200
184 73
238 286
11 267
36 83
253 199
122 287
38 135
117 183
106 129
116 27
291 208
278 226
32 215
211 123
11 221
141 98
56 93
296 229
80 86
63 141
171 123
126 40
5 231
168 22
118 283
242 78
44 47
20 287
152 75
131 199
36 117
102 207
292 227
246 296
209 165
69 27
147 221
238 140
50 23
164 93
121 10
147 140
48 50
248 20
192 36
137 293
272 239
175 232
155 296
10 1
268 248
192 17
22 55
109 142
116 7
108 247
144 108
19 35
143 155
80 136
34 51
282 228
7 292
280 274
291 223
290 12
277 151
153 92
6 17
185 149
124 203
236 266
109 15
141 236
185 183
158 175
194 186
77 99
29 285
284 34
1 168
234 176
70 221
141 178
235 293
71 51
218 276
135 93
276 18
245 221
203 73
19 231
58 3
16 110
286 292
222 126
221 209
171 44
259 140
19 211
14 205
4 174
275 31
244 272
251 146
44 22
129 153
24 196
263 245
197 248
288 171
125 261
79 295
4 89
52 200
278 55
73 4
137 16
27 139
160 42
289 237
232 186
184 219
108 9
231 186
55 234
26 189
88 36
183 213
40 71
280 66
210 193
188 121
286 163
56 275
99 287
212 35
257 19
95 188
256 149
173 33
38 232
110 177
267 44
141 58
176 76
65 115
196 51
277 3
77 128
41 288
214 298
58 8
237 13
156 161
92 206
122 111
2 262
220 116
243 147
262 138
249 238
141 77
117 181
64 30
230 173
37 218
237 245
79 33
137 222
32 292
272 252
98 101
251 59
238 251
49 130
27 217
63 142
247 44
14 35
262 250
279 92
35 168
177 97
16 200
5 197
274 7
8 263
258 56
93 36
272 207
178 270
250 191
57 211
193 87
6 119
267 70
134 66
14 20
145 21
282 154
128 126
32 66
173 34
9 281
68 50
231 73
168 285
7 134
54 193
251 48
30 264
67 226
37 100
79 216
278 20
67 61
85 292
94 145
149 91
191 79
216 58
115 274
243 168
166 193
267 196
208 85
121 296
237 252
212 214
274 107
21 120
4 45
261 152
135 151
260 97
76 254
17 241
198 283
188 105
120 61
101 56
12 64
21 34
93 294
47 96
27 29
198 286
125 273
265 188
228 153
213 197
102 276
260 122
61 52
167 252
269 84
260 193
26 287
221 223
24 97
247 15
290 263
115 298
194 116
106 153
289 166
118 277
290 264
154 63
276 152
129 17
114 83
233 281
132 247
59 26
114 217
230 154
82 238
61 251
215 102
266 121
103 173
52 142
52 205
205 80
96 221
219 29
201 51
27 12
128 193
228 57
295 158
260 81
6 132
256 57
88 212
136 195
167 267
12 120
17 90
131 144
252 28
222 298
185 285
258 196
66 90
10 71
221 265
179 60
228 67
298 173
241 61
292 257
150 174
152 132
283 104
211 204
101 95
189 111
291 6
128 173
72 238
269 121
162 210
233 153
218 83
78 70
266 60
173 176
263 25
22 203
135 64
260 35
115 87
207 182
176 216
179 145
106 21
244 23
92 120
132 16
47 147
49 227
184 61
13 51
147 271
284 291
259 91
108 47
119 178
287 274
199 79
145 82
228 238
89 281
49 287
252 85
30 164
254 103
67 256
66 53
229 16
183 126
97 29
17 77
18 80
105 234
78 245
215 127
231 218
299 86
112 136
144 91
230 124
106 113
193 265
30 210
196 174
78 162
131 14
72 211
23 123
48 134
258 73
11 153
215 240
277 20
104 225
26 296
242 55
258 37
241 153
262 18
130 196
78 202
158 100
24 257
233 33
82 295
287 162
138 93
86 79
116 87
247 77
157 12
142 286
259 219
239 116
71 14
47 153
50 284
197 268
177 34
60 14
108 280
56 5
117 249
42 75
168 281
242 290
46 14
218 145
127 118
232 75
109 196
122 273
206 282
252 54
35 59
58 204
8 151
183 272
216 229
285 11
273 156
299 133
104 173
157 61
154 108
114 188
219 171
143 226
73 173
204 256
144 171
184 180
133 88
205 204
279 230
112 277
114 267
149 271
27 2
130 140
242 48
62 84
273 134
89 151
98 24
118 287
268 229
125 82
195 25
79 233
112 20
281 173
155 5
233 147
13 82
223 43
60 5
257 230
291 74
129 259
3 253
30 195
222 108
127 33
127 159
258 33
216 16
195 200
214 208
281 136
250 93
22 183
31 150
141 85
155 284
86 184
178 7
91 221
267 48
253 182
63 148
81 277
55 61
164 56
153 4
13 226
128 78
180 282
113 265
97 113
231 63
161 183
296 275
30 76
251 136
189 167
243 41
222 255
267 159
50 146
288 229
179 100
79 87
21 47
214 51
123 216
238 11
82 181
103 3
187 121
266 200
216 144
299 160
290 139
126 146
76 205
284 127
143 5
173 108
107 47
24 44
57 157
276 212
212 163
32 124
98 50
193 74
225 235
213 51
132 40
255 116
166 97
120 90
137 280
21 245
188 49
156 99
211 240
275 60
289 50
125 233
123 50
167 87
100 51
166 291
202 37
81 158
14 269
137 86
213 77
227 96
8 201
2 280
280 177
81 147
197 89
233 114
131 135
150 263
44 215
231 181
300 144
9 186
212 235
18 189
220 297
65 300
195 28
168 164
256 298
50 157
261 94
71 191
60 297
20 92
267 207
148 251
33 212
250 227
45 25
208 146
239 4
110 264
49 237
192 69
29 211
27 60
246 174
62 278
86 11
205 128
38 288
298 245
133 231
164 72
235 273
87 112
220 188
49 112
74 282
240 19
156 1
297 293
63 201
120 6
174 209
153 178
154 16
1 88
41 139
251 12
26 299
179 248
15 170
267 222
170 263
266 285
215 137
290 140
46 35
264 215
266 264
54 58
69 180
55 244
212 286
243 278
155 209
251 77
61 137
53 102
28 150
188 90
99 151
166 162
173 20
166 294
199 272
289 162
257 283
140 112
192 142
188 166
58 300
55 162
101 82
11 289
171 109
191 279
225 57
140 149
76 5
194 26
28 234
187 285
217 78
96 160
272 35
25 29
161 252
61 88
225 252
289 300
8 234
77 36
168 15
20 136
93 167
295 64
201 19
88 201
144 251
91 293
208 79
44 216
251 231
134 270
66 278
188 112
93 88
131 288
125 32
124 99
299 236
266 119
192 56
186 206
38 297
109 137
64 291
124 240
22 300
38 114
262 89
101 227
207 293
34 70
144 271
27 158
220 104
226 151
118 263
147 109
245 2
49 121
241 122
120 278
287 133
118 88
112 77
132 145
198 275
184 87
79 109
237 196
57 9
194 53
10 242
173 250
116 44
279 102
177 149
241 40
225 72
236 122
46 103
97 229
189 176
89 177
12 231
219 257
250 208
281 65
167 232
160 107
271 84
231 206
257 276
9 53
257 249
126 103
256 189
33 226
145 68
28 186
211 31
197 77
262 108
235 284
191 165
193 249
252 149
85 200
126 107
237 83
252 264
268 162
294 217
290 7
24 225
290 267
141 231
165 33
179 116
233 128
99 178
202 183
129 164
52 6
22 289
88 274
4 108
187 50
56 99
117 45
28 282
130 258
86 247
291 287
130 172
151 233
177 172
197 277
124 84
26 199
12 133
49 164
230 166
199 89
267 47
203 52
46 245
90 227
116 240
159 45
164 132
108 236
195 133
17 234
121 247
151 81
255 49
169 273
96 123
24 141
67 235
105 277
279 20
108 91
80 215
78 274
99 263
232 116
62 99
132 68
148 53
175 116
135 242
177 86
229 207
105 37
50 236
3 127
262 102
217 38
244 30
136 128
180 189
277 54
48 37
167 224
174 96
182 31
266 186
39 199
171 7
236 115
242 237
158 173
177 186
226 233
49 273
270 215
248 195
62 130
225 245
112 191
183 169
169 221
119 40
280 106
206 67
229 199
55 86
71 232
23 48
216 71
21 237
38 20
132 99
201 56
44 13
246 278
233 167
209 163
296 137
113 102
274 183
33 297
282 249
119 54
74 16
255 274
72 50
38 69
27 271
235 28
74 192
257 282
106 4
105 196
152 190
244 134
138 63
187 74
270 260
142 224
286 265
25 23
33 103
45 20
131 170
263 139
142 126
38 298
21 190
187 17
75 76
202 48
273 95
24 10
59 48
84 143
214 33
50 177
171 5
297 64
130 86
275 52
219 49
179 49
62 80
148 34
271 126
127 173
6 40
268 179
112 264
50 106
196 76
157 166
177 88
214 290
167 61
23 93
284 117
76 6
294 254
294 238
116 22
277 161
15 78
266 262
205 175
127 133
122 180
153 196
24 188
12 152
105 174
161 150
144 191
86 211
172 224
29 299
57 42
90 230
274 294
126 297
181 189
148 125
246 5
298 106
206 108
228 68
85 72
10 222
282 29
25 153
5 105
42 120
168 219
56 68
95 53
124 93
159 29
200 138
209 158
258 242
187 34
139 49
55 37
145 96
208 183
15 75
153 70
142 247
122 265
39 32
46 291
170 194
27 130
72 289
70 218
231 260
18 285
48 215
133 255
97 147
29 1
268 223
173 284
177 158
223 228
193 46
15 199
273 33
235 72
247 119
17 55
29 93
73 267
251 13
38 127
170 260
106 115
6 74
128 72
24 153
224 102
129 250
248 145
56 94
129 84
187 253
102 120
249 52
133 38
168 106
213 296
298 175
135 126
124 134
22 231
228 202
66 166
154 168
285 154
271 169
191 201
41 90
97 253
7 238
263 193
115 138
26 136
69 253
53 155
149 24
23 91
276 245
82 16
87 179
21 275
152 13
63 210
2 77
102 116
3 34
132 92
87 272
104 235
295 178
25 271
123 107
38 261
287 188
122 101
98 123
177 251
78 293
124 210
136 43
211 222
15 14
208 61
191 285
143 69
178 64
118 300
164 215
174 41
166 164
183 295
208 58
256 43
153 166
17 167
179 224
227 122
208 10
238 102
130 67
280 7
130 98
58 45
64 284
137 281
147 71
129 283
252 99
186 190
201 67
8 232
126 137
81 183
233 145
177 64
192 204
169 72
239 69
104 87
232 2
217 123
231 169
222 168
110 174
235 117
105 60
5 186
294 237
82 212
266 196
264 177
42 247
230 258
178 95
80 287
155 124
125 159
148 194
81 257
204 108
258 221
124 70
11 217
16 292
204 52
90 250
48 245
103 186
41 2
80 122
259 35
281 268
255 35
102 78
104 112
104 219
22 42
41 164
44 88
108 169
11 262
224 26
271 204
54 41
212 113
70 23
171 143
6 159
50 165
79 60
179 237
163 194
219 144
72 171
220 35
35 41
184 172
220 189
83 270
106 161
97 243
229 22
29 147
161 232
100 22
105 171
205 226
117 261
183 300
185 103
241 267
124 46
179 204
29 28
147 257
155 213
48 67
196 147
140 1
18 83
77 274
61 245
287 295
245 171
97 185
189 272
230 67
228 10
146 74
52 172
158 99
290 106
297 130
106 14
267 174
248 115
139 39
254 66
191 65
45 242
288 255
60 88
150 193
94 79
253 217
278 10
52 116
101 57
233 148
265 253
116 252
281 266
47 139
182 252
261 83
144 106
161 165
217 165
81 246
175 184
114 27
240 46
169 138
48 284
142 6
243 122
271 289
13 204
240 273
286 135
130 198
299 98
63 79
43 289
14 156
15 253
202 240
100 122
130 147
105 271
204 47
92 174
129 78
128 114
212 257
64 262
106 126
92 149
166 105
56 180
58 257
171 157
130 300
56 235
270 259
33 114
185 172
269 13
179 213
157 294
174 263
111 36
122 218
267 179
175 137
88 4
137 143
290 158
246 292
102 246
140 32
25 84
10 195
101 172
230 222
153 16
32 240
71 168
134 113
78 286
187 48
75 184
181 282
30 283
226 91
229 26
15 158
247 156
53 151
223 136
90 293
56 223
157 133
209 95
232 35
30 23
262 211
4 220
53 33
254 278
3 190
91 1
45 195
152 267
30 241
11 85
216 168
269 176
14 201
210 44
254 226
142 58
11 147
35 186
127 170
89 171
64 292
189 145
233 251
282 200
170 250
150 36
227 72
258 232
50 151
289 60
297 128
111 123
49 251
293 112
8 227
183 289
126 105
239 200
288 88
287 266
212 244
197 261
94 237
11 68
71 182
180 13
166 187
239 100
228 116
204 166
208 216
296 104
176 89
92 299
66 2
70 45
188 249
109 53
205 115
215 108
32 282
34 258
252 82
114 179
170 205
178 204
7 243
205 280
275 237
242 162
36 146
28 2
253 59
35 55
147 121
13 98
202 126
28 123
82 257
26 140
252 231
120 201
205 247
89 179
235 30
93 22
175 172
24 180
234 129
230 298
278 131
175 57
254 257
14 31
96 265
261 267
148 200
35 292
222 261
215 297
192 197
106 178
175 54
218 102
163 223
254 205
192 266
224 108
235 189
164 134
125 113
211 39
109 102
31 64
2 206
170 271
7 32
246 116
207 199
72 150
216 295
9 150
35 75
122 159
250 48
52 15
37 231
98 210
232 169
111 148
216 119
49 150
43 84
276 164
294 215
299 295
262 287
283 275
254 35
7 129
160 11
111 9
220 94
178 31
294 243
177 270
236 208
195 251
223 148
285 15
78 44
54 5
298 25
99 227
55 91
19 8
184 64
250 60
33 160
282 20
67 250
268 261
200 242
256 290
280 203
278 33
57 109
253 164
171 135
87 172
195 171
83 228
191 150
64 107
63 43
127 268
67 236
76 72
99 27
94 21
162 180
244 108
51 27
35 293
228 263
150 141
90 1
215 206
17 127
207 212
93 300
232 254
232 227
113 282
5 199
274 284
161 175
125 3
176 39
208 35
15 207
271 146
207 177
109 51
228 40
5 159
19 169
192 23
68 217
7 228
144 183
282 19
221 189
105 287
148 110
70 232
130 260
268 238
11 248
30 67
235 50
18 180
282 161
62 263
21 51
197 142
34 198
234 215
158 253
153 220
200 182
286 58
281 272
107 154
274 124
34 7
285 95
21 215
129 224
2 149
26 198
147 275
26 56
275 127
111 12
297 9
218 30
15 254
176 35
256 88
199 17
272 225
124 199
102 99
78 265
162 13
107 145
205 24
6 196
167 68
169 175
155 90
172 54
278 282
94 131
132 223
95 45
235 202
4 94
12 240
65 40
51 122
288 269
143 95
297 14
200 155
188 54
60 71
276 154
115 210
55 56
251 111
202 14
102 18
54 152
172 131
248 15
225 296
80 177
202 288
105 141
211 68
30 124
133 32
234 34
45 87
51 150
238 241
242 110
123 241
176 100
237 255
276 190
295 80
31 87
244 293
207 261
70 288
19 70
288 63
156 91
265 146
83 206
7 206
147 182
5 135
136 280
24 130
111 106
269 54
66 168
162 150
271 162
46 178
4 10
23 86
268 81
78 75
261 124
37 115
160 40
124 235
177 91
15 272
70 59
178 200
134 208
140 118
207 133
148 131
244 149
269 204
272 37
186 60
151 46
151 27
32 28
169 46
299 177
74 68
159 158
237 117
291 84
299 234
190 8
56 75
172 218
284 203
297 153
1 295
29 74
115 15
77 133
43 71
207 153
18 243
120 207
34 17
132 205
287 168
160 283
30 100
233 196
114 9
80 300
47 122
71 149
206 29
2 224
271 173
130 272
99 163
41 282
120 27
149 279
9 168
190 90
19 174
235 65
132 281
238 254
130 144
34 183
67 56
107 248
28 205
163 68
238 282
94 87
12 154
6 201
244 25
74 280
209 60
41 34
98 222
104 243
187 210
166 104
85 155
85 230
241 148
83 299
100 78
75 226
58 35
285 153
126 25
186 223
246 62
106 101
56 44
62 298
61 227
101 145
85 156
110 95
284 146
299 110
171 185
84 116
298 241
269 106
36 30
103 96
9 203
240 90
192 13
215 277
213 258
40 74
52 24
219 50
185 89
286 20
257 284
261 225
141 296
92 262
197 83
148 70
117 68
160 29
25 199
154 128
213 163
178 169
145 90
185 150
111 18
68 10
77 298
264 153
32 170
80 153
122 257
73 71
94 269
160 30
110 281
223 272
299 42
187 241
261 135
110 44
56 50
251 135
254 125
91 26
247 236
294 159
266 163
101 75
144 75
46 194
117 26
82 94
186 268
86 198
102 247
241 158
296 243
67 135
26 66
70 71
224 87
234 24
213 129
99 258
35 155
60 220
175 197
117 28
144 109
185 191
52 229
192 170
115 217
235 184
40 158
23 273
234 235
153 84
193 226
50 279
132 161
251 6
57 119
34 200
228 270
143 279
250 34
148 64
2 83
300 41
65 225
256 217
8 200
142 57
231 274
217 181
31 26
299 116
277 278
256 87
203 154
246 229
27 11
206 34
234 69
94 290
96 176
15 146
292 44
124 129
286 221
219 223
174 164
204 252
286 153
73 271
273 146
186 118
136 33
293 202
178 36
216 107
184 183
172 169
155 142
92 81
57 47
207 17
135 279
39 159
177 224
276 12
256 268
56 210
238 271
205 291
132 133
140 240
179 171
240 108
115 278
18 43
254 293
54 209
13 19
280 32
38 47
204 243
37 193
2 220
77 193
211 7
63 185
143 54
44 10
32 62
52 37
54 158
176 91
133 155
174 223
253 77
165 41
22 218
260 98
110 222
157 224
106 299
278 150
263 112
97 16
269 93
134 196
183 18
102 56
240 54
73 105
55 182
158 184
262 135
85 73
247 99
184 95
114 204
187 299
151 122
17 252
229 256
57 113
112 202
70 184
58 177
118 136
139 275
71 152
161 207
225 107
5 160
253 170
116 191
169 266
12 237
270 241
192 26
103 56
224 241
30 46
93 190
252 69
228 300
242 98
61 254
34 30
246 277
107 102
280 86
25 98
71 54
196 215
283 42
207 210
93 136
5 34
285 65
39 70
46 252
138 77
90 165
46 264
295 70
123 8
210 165
300 278
94 126
105 239
243 51
279 32
215 24
47 209
94 159
219 3
137 177
93 237
100 92
298 277
184 292
27 162
23 242
186 69
298 250
229 186
178 244
232 270
232 83
113 197
21 291
273 58
113 156
49 191
18 124
184 255
192 86
285 223
12 34
224 240
220 101
235 203
70 166
285 234
224 122
192 196
179 4
52 228
127 294
267 111
269 278
218 167
45 204
121 166
100 184
213 23
57 105
271 236
160 74
215 106
194 17
288 20
62 254
182 30
232 129
274 201
296 70
104 168
25 86
108 237
161 217
41 131
152 201
204 118
281 54
182 28
123 285
195 69
208 55
37 1
237 188
201 192
57 10
40 242
55 11
241 53
163 269
34 195
22 215
275 196
251 170
141 250
33 100
56 69
100 292
9 52
62 274
59 116
284 299
19 253
93 40
219 67
133 180
285 79
39 45
182 273
162 243
58 230
270 29
79 251
38 65
172 77
106 56
272 286
92 8
116 182
53 298
154 266
240 100
237 50
78 261
245 111
61 21
191 284
97 296
39 104
41 62
89 184
122 205
65 174
191 193
70 127
242 203
84 20
154 242
218 44
226 66
39 16
221 131
130 61
66 251
265 130
176 218
100 66
111 221
244 52
175 27
123 89
106 252
286 259
246 255
54 223
72 144
290 44
275 119
104 40
121 69
222 48
38 73
165 148
45 108
252 271
134 74
59 291
78 96
249 23
102 54
198 234
268 224
105 71
15 277
139 236
60 241
128 156
49 79
126 234
83 225
4 184
279 300
108 176
285 75
146 165
118 36
153 194
16 212
134 144
120 182
116 126
181 92
107 263
16 162
273 198
133 123
38 30
117 140
48 133
103 182
276 222
115 249
167 282
127 99
73 285
113 141
147 63
121 159
256 253
281 46
34 20
34 262
233 61
183 47
10 101
81 136
251 153
120 116
178 231
129 298
89 84
2 121
141 81
237 51
132 22
162 144
99 242
147 150
217 191
168 94
92 261
134 12
232 26
144 220
76 27
241 192
142 23
166 288
297 196
141 143
98 57
85 17
151 206
12 294
138 103
257 121
128 152
40 256
147 19
55 88
74 273
264 17
24 48
42 109
77 50
229 257
202 21
212 131
53 110
202 159
249 27
183 75
42 59
171 66
158 256
43 163
103 262
122 213
194 102
169 147
122 132
293 282
85 241
173 109
265 44
226 123
51 269
49 103
33 294
192 78
33 220
55 26
254 139
18 261
210 33
168 82
194 132
177 119
6 227
87 290
110 180
170 195
225 126
96 116
255 180
87 9
257 40
200 275
59 220
190 252
103 67
45 209
150 176
277 12
23 53
198 277
284 37
286 241
128 185
267 180
45 77
151 234
29 6
52 151
24 87
78 131
233 283
213 7
87 163
284 71
199 269
205 29
258 249
105 160
234 185
165 286
35 30
134 146
97 157
284 174
39 268
209 252
275 295
166 258
65 116
278 127
193 182
155 202
182 12
62 115
196 226
8 285
180 156
142 163
81 180
183 105
114 152
215 91
31 160
24 237
61 205
248 122
71 196
100 223
178 159
14 48
219 146
280 101
187 162
205 274
108 259
87 183
196 148
87 195
21 158
80 267
278 286
75 43
86 46
241 65
146 127
226 51
152 239
120 80
167 280
39 5
162 234
152 1
180 225
158 270
44 289
26 63
168 111
55 189
143 227
269 61
66 119
292 269
119 171
193 28
192 289
16 180
62 42
141 131
15 177
265 32
23 136
202 268
163 94
25 69
24 18
170 189
109 26
67 143
289 133
72 178
24 207
115 289
290 189
124 191
156 38
36 163
268 112
231 291
270 50
76 38
273 64
242 88
156 265
46 270
5 35
158 128
218 13
228 185
177 211
78 182
55 102
245 28
197 186
203 161
21 207
196 231
87 173
48 56
237 27
240 165
289 219
219 276
299 297
157 105
132 47
98 293
212 171
251 107
101 89
31 200
144 19
184 215
106 105
132 246
21 40
102 170
192 286
216 282
284 66
26 195
236 29
53 88
169 135
287 13
154 212
200 89
178 5
245 126
71 101
115 225
210 290
92 193
55 169
140 42
129 118
27 167
182 232
131 81
72 8
133 166
91 204
266 257
14 89
278 105
281 84
274 172
116 6
39 194
173 272
52 196
62 189
106 53
150 123
163 22
117 192
179 149
158 216
29 82
187 205
136 291
231 114
91 36
218 240
210 226
268 72
299 84
263 229
233 290
132 5
141 257
192 50
172 272
131 110
215 30
244 5
117 161
297 27
138 264
150 188
100 113
117 84
88 46
96 127
2 278
289 229
7 262
162 14
116 51
30 266
238 181
130 54
16 35
54 155
80 9
185 227
188 186
257 176
114 4
15 172
26 86
48 193
136 129
210 73
61 91
179 76
240 166
183 127
51 191
2 216
194 69
139 158
96 43
26 231
171 235
55 283
78 233
58 254
210 104
204 145
230 6
221 229
52 59
138 107
121 81
240 216
123 17
198 45
237 136
34 100
226 295
139 185
134 226
206 271
216 95
129 36
228 120
3 102
136 200
147 139
204 225
270 192
113 55
291 90
50 246
219 240
182 104
71 177
217 199
213 144
71 215
245 206
167 143
96 122
13 284
172 55
73 273
300 291
213 233
147 129
33 108
251 103
36 167
54 248
215 254
46 18
251 269
124 23
242 124
66 206
108 212
34 141
243 106
150 48
106 211
217 4
284 209
280 29
278 230
4 290
276 69
195 84
32 281
260 166
18 117
128 240
188 44
243 143
108 226
51 139
6 80
120 55
180 124
192 43
43 224
23 266
77 38
235 36
255 252
152 83
192 91
126 186
233 286
166 244
275 98
67 123
5 258
165 47
64 10
276 298
2 249
65 245
91 242
227 45
110 51
266 276
294 292
166 77
69 30
63 244
287 159
226 288
107 290
232 198
273 158
158 82
260 175
57 5
219 129
257 236
114 131
289 81
120 51
76 107
210 1
146 68
290 78
17 273
243 289
182 152
71 141
145 245
60 12
80 68
247 245
251 288
38 153
228 299
154 126
119 195
167 197
124 48
48 246
176 84
147 202
146 5
81 223
126 170
221 281
231 39
81 48
245 180
45 185
6 221
20 127
207 167
80 13
17 92
13 27
300 233
59 282
23 38
166 248
183 298
295 127
229 40
11 234
12 31
113 270
283 208
169 299
51 121
245 63
199 296
48 258
277 70
47 194
17 229
191 64
107 120
155 170
252 217
135 200
159 81
168 209
201 164
23 100
109 136
192 155
30 260
83 272
143 229
110 248
94 61
216 281
157 68
78 109
284 153
208 143
274 16
30 217
170 111
229 4
245 277
232 106
276 77
109 178
19 258
77 125
36 60
29 243
11 284
271 180
146 199
236 280
257 185
261 203
175 70
4 155
19 85
150 272
139 160
255 109
39 153
60 26
132 13
257 88
72 261
248 246
30 80
259 11
67 263
217 85
99 66
41 98
272 298
238 220
43 9
181 290
6 262
174 28
207 240
42 123
76 140
128 165
49 225
180 15
184 273
22 102
127 116
110 7
105 115
21 226
11 194
6 269
185 99
92 12
246 118
248 295
9 278
152 173
274 11
40 135
18 196
122 12
283 179
277 124
207 123
85 154
169 230
259 288
102 143
212 128
262 223
12 72
27 294
212 226
182 141
193 140
263 29
45 184
113 217
117 266
111 29
93 264
31 107
238 281
121 249
52 147
294 53
205 257
279 138
97 223
29 112
295 260
203 107
228 19
72 39
47 217
23 292
162 195
292 214
94 38
266 298
188 143
218 216
6 220
232 191
158 211
262 281
1 60
189 271
98 51
166 141
16 259
29 247
215 175
270 255
226 253
198 135
163 159
115 164
218 64
270 159
34 67
261 251
259 28
261 189
60 21
164 140
19 33
190 233
259 159
188 184
163 85
70 77
295 184
240 212
27 82
35 286
109 48
174 221
120 89
60 138
173 249
71 131
159 10
66 73
146 135
150 192
70 141
102 277
153 128
110 239
165 271
38 90
191 157
230 2
295 102
251 117
178 49
183 135
275 120
73 76
148 277
256 258
215 172
14 170
161 243
45 173
34 4
77 19
15 179
255 62
115 262
71 82
133 298
86 146
89 38
210 31
212 295
65 164
103 269
259 117
200 225
8 206
286 122
167 57
255 51
106 92
249 25
90 89
62 46
128 236
70 214
155 140
64 5
11 101
179 229
31 15
225 279
39 66
67 152
163 91
226 42
27 295
181 137
28 232
289 254
191 167
234 100
51 264
166 27
55 6
152 280
100 230
27 107
35 207
295 21
4 288
293 54
205 261
189 70
39 131
25 183
192 79
240 43
111 39
24 137
197 58
95 243
78 191
16 81
147 241
218 35
267 161
255 28
49 278
216 297
35 62
240 112
244 181
186 68
50 170
102 196
110 147
282 172
283 199
259 1
259 13
203 59
290 118
55 76
179 294
239 182
1 183
2 163
107 103
110 268
2 91
140 284
290 98
285 100
273 295
165 227
53 206
44 159
282 274
154 268
142 156
130 248
10 239
215 11
29 54
47 70
203 83
222 227
153 181
273 243
296 179
147 149
146 40
287 66
128 46
7 174
8 88
188 136
225 93
16 268
40 107
43 13
101 90
239 89
39 46
115 26
111 80
279 239
125 37
164 291
50 172
131 238
7 55
82 75
233 117
185 33
258 128
268 71
294 82
148 104
213 126
94 89
214 10
80 264
233 262
253 291
16 34
65 142
206 49
10 143
82 267
22 113
215 289
235 208
122 82
259 209
123 173
218 254
136 150
215 88
192 283
176 78
272 138
151 293
3 117
33 237
24 155
19 139
189 277
47 63
149 264
17 36
165 283
175 108
17 47
116 192
177 173
76 148
10 279
193 64
95 225
1 171
131 19
47 55
134 248
70 150
184 210
93 201
8 209
92 184
133 220
84 142
198 28
206 44
4 258
266 135
28 26
153 74
80 286
73 201
187 108
238 71
17 31
23 76
291 114
12 123
33 147
16 282
26 177
11 257
101 192
14 38
120 36
158 162
201 169
284 234
24 292
35 179
146 96
2 150
41 16
150 115
141 59
277 42
227 12
27 293
63 293
284 139
37 99
144 71
5 278
76 7
132 168
74 127
274 275
241 166
33 217
82 286
233 118
137 128
285 164
143 289
193 270
47 76
189 172
202 214
147 143
132 179
190 91
230 170
298 68
34 282
283 228
22 175
249 120
251 190
291 152
103 137
46 234
76 257
299 6
200 236
17 181
106 145
50 155
212 136
188 194
115 209
120 64
253 70
259 71
93 26
279 168
34 278
225 285
265 241
137 267
276 48
102 163
293 217
32 150
286 36
272 11
142 230
81 234
89 129
69 293
227 205
12 202
4 113
81 187
212 164
251 60
207 93
41 287
78 99
98 283
190 238
111 265
43 232
10 269
188 21
170 244
185 286
291 18
181 261
150 132
72 56
95 105
