30 30
6982 3822 7097 5810 9857 5773 4785 5895 8009 1305 3939 4345 5357 3391 8630 1350 2663 6378 5293 6979 2812 8021 5620 8256 9914 2578 1836 6146 5230 
4496 4780 2211 8318 8228 4373 8174 352 9157 421 8361 6814 4359 2705 2170 7749 7686 3519 412 415 5164 3742 9578 9536 5713 7833 5801 4642 9668 
1946 9871 4164 3077 2082 2481 7656 6454 7006 8008 1962 7426 6368 5127 8137 9072 3649 2237 3109 3519 2648 3523 5034 2741 3100 4569 8453 933 369 
3095 6952 8666 2965 7467 1742 1398 6299 9398 4203 3305 3757 2517 7082 124 7643 5218 5547 7643 7455 8655 1162 6454 2177 6195 9195 1628 7116 3999 
2560 7484 7093 5864 2502 6410 3330 4243 7807 9629 9992 2010 9285 100 878 6366 223 4872 1584 5769 2515 5390 775 28 1843 9303 2574 7389 931 
9689 1388 9842 3525 8480 5705 6026 1241 5387 6620 9048 5015 2964 7409 4299 3063 8286 7016 3286 9509 8599 5406 2023 3988 6181 8402 2183 5483 976 
9571 2765 664 958 2607 4188 5790 8311 6565 7030 49 3185 2429 5063 6148 6189 5713 5562 4474 2729 8847 335 7679 605 8709 1667 3137 7111 201 
8619 8086 9771 7736 5101 7081 342 5641 9222 5004 2205 2603 5053 1741 1384 6467 7888 7572 2180 3450 8398 1260 8648 8732 8938 9252 7440 6956 2388 
4550 3508 7359 8987 9631 1446 4088 3063 1787 6080 2284 6790 4636 1238 8194 6377 2621 4661 616 6545 3192 417 4942 4451 9065 25 9740 4668 7464 
3048 3408 8366 6555 7118 7352 6185 8563 7791 9247 6701 222 7882 9842 4858 5472 8036 1234 4444 2696 1849 988 2239 2266 2281 3041 7682 2305 2780 
8701 9769 2179 8460 4486 5086 5577 8189 7622 491 2332 6869 7191 2553 1102 7033 7410 6573 1420 4995 7369 467 3196 8356 2705 1813 637 5745 9494 
9293 4876 4546 5413 7055 3006 9898 2140 4934 8087 9761 1777 418 2981 5319 9322 435 8703 3084 3359 122 8078 727 588 7625 5435 3292 9437 2423 
5388 5282 1715 264 9828 3480 7318 9185 3377 5809 470 7815 1921 2246 4584 1254 7565 3906 8040 2619 3341 7750 2741 7770 8477 9680 5395 263 9324 
1183 9037 4711 6465 7103 4974 2644 582 8643 1828 3959 803 8649 8125 9076 895 2709 6681 4811 2966 4720 7429 6306 2469 6521 427 7297 6201 5821 
3911 1876 7004 2947 6586 9820 50 7912 2463 631 2906 642 941 61 9290 9066 9136 6536 8126 2168 7698 1091 6887 5127 3748 5707 7999 4174 9356 
551 6347 9618 2426 9702 2565 5364 5873 8966 3275 4687 5948 2532 5328 3241 2592 969 8658 1727 3857 6783 3894 1554 4225 7132 3032 4324 9191 7383 
4849 4898 7933 1195 4515 6711 7248 3431 2074 3120 2396 1700 7806 4696 4231 9485 7936 6823 6806 6593 4901 662 9727 8795 8567 3951 2278 7951 8274 
7820 5333 9474 2717 9617 7021 3584 6327 4268 7014 8400 3740 5762 99 1545 457 4330 7382 8392 7504 4187 1336 2404 1200 1062 7550 6118 1364 9828 
4068 5989 3999 5752 5462 3068 5369 2482 6651 1695 6750 16 6447 6841 5777 6545 4737 2585 7226 2118 7328 4729 2656 8663 3485 207 6076 1034 6325 
7439 7213 6744 3427 1212 2496 5241 4279 7864 7722 7281 5910 823 7296 2356 4015 3073 5253 8752 2009 8830 869 9337 9911 9877 7999 3395 83 427 
780 2759 7865 7993 9503 7644 9204 8350 9236 9834 2565 3309 7114 8474 484 4409 7182 4498 3833 8786 3249 5842 3967 470 5178 229 346 9528 3623 
6780 9954 755 9539 4171 8747 5393 8166 4302 3742 7401 4135 6306 709 1248 1131 1192 2008 4664 2042 5841 3449 5290 8034 7416 5759 9563 7644 2456 
9090 7619 5588 5396 8373 5126 9566 3471 6870 4083 7772 611 1483 1906 3268 8543 9505 4398 6087 7864 9062 8128 3704 8862 3417 8089 2629 5528 7651 
6625 4335 6741 4243 9922 8488 8967 1399 4405 8789 8268 8487 6560 5230 6321 4817 8497 4863 4321 9247 7301 2184 8308 5428 2240 3521 5197 6680 6150 
7076 4331 2774 1410 7423 3368 7684 5910 8686 9082 314 7474 3702 8800 4033 8931 5120 5201 7428 6334 5873 6674 3635 8056 1333 5414 6647 4853 6962 
3327 7354 389 4009 127 8151 1431 9846 5834 7340 8531 1267 4005 2356 4968 9156 6388 3899 4275 7940 7678 6960 3812 4351 6946 8220 2035 8712 1218 
6887 5673 4544 593 2414 4904 719 564 6334 565 6397 25 5447 4015 4029 7803 8983 9536 542 9233 3810 8482 6910 7122 2293 7612 419 6864 9646 
9130 8082 2884 1155 8977 3476 3568 3881 547 483 214 7463 3231 6591 2909 7245 6971 7063 2579 6507 7605 1811 6668 2438 8720 3789 1082 6331 560 
7946 2328 9689 6027 5212 7195 5003 8687 7114 5235 5585 7596 5449 3047 826 8391 5956 8071 5361 9370 649 1867 3326 8812 4887 5763 7531 5027 3197 
214 5586 1142 2541 1627 3520 7752 8821 4874 2791 5935 109 8375 9882 1909 7774 7060 299 3729 5130 2011 9450 2130 230 2776 7293 5116 4890 4824 
142 8086 1389 5728 5579 3929 3706 9098 8033 2526 324 7175 4812 6784 1901 1046 8692 9674 8105 5342 9754 9586 3704 9204 8067 3933 8331 5360 9048 3220 
6535 5542 1306 7923 7621 6884 8203 1326 2334 2587 3851 9009 9761 5015 5792 8014 6060 4483 7687 4164 6176 3793 3749 9879 9348 1815 3812 7678 7174 9211 
897 3708 1104 2202 7982 8724 5438 6185 49 4123 8771 252 3131 4884 1618 8922 9249 7677 9756 3287 8192 5931 7079 8292 2161 6426 106 2324 455 3632 
1535 1352 3691 2638 9905 8025 7714 1694 4209 4114 5816 9331 4365 8946 566 2334 7867 9814 6362 3974 3101 4553 9904 6531 9196 8417 9309 9302 740 9763 
9285 2274 1114 9327 1264 7371 7351 5329 9064 7911 9442 4880 3594 159 177 4159 2492 4396 325 8854 8369 3425 9758 4625 9955 8954 3041 9263 4607 3780 
5378 243 2406 6491 9569 21 213 3272 5349 9277 1182 4790 508 4775 4948 7036 8934 3792 1431 5610 8997 9800 9034 8754 776 5340 4059 3816 955 8665 
3947 6332 5259 6352 9174 4828 6372 9387 8099 8072 5015 5632 2862 1874 407 4161 8909 5692 4304 340 1301 3300 6491 6686 8406 7266 8377 2464 1081 9331 
7481 5027 2014 2739 7731 1188 3918 454 6926 8368 8526 8292 4000 7739 165 758 8251 5425 6449 2555 5764 4101 2206 8606 786 611 5871 9162 9427 3303 
4845 6907 4682 6858 5997 2412 4397 6267 2865 7674 4634 7742 2317 4985 5480 8833 5742 83 4258 2190 2637 6373 6290 4842 4979 3427 5453 849 8941 1231 
504 3785 8137 5185 6994 485 7596 7743 6751 6812 5416 7737 906 7733 2721 6385 6565 8463 6467 7174 7004 5455 3547 9646 6649 8525 3072 8453 5725 2012 
9683 6228 2148 7819 1412 9142 4655 5359 6884 1406 8523 8651 9142 9428 2735 1862 2164 5652 6676 8631 2825 3680 437 6371 3325 7085 1247 6396 5537 6972 
4760 5219 9551 3259 9389 7315 2400 4044 2673 5635 1801 7547 638 942 6974 3372 9155 9138 9023 5831 4120 1848 5862 4556 4570 9186 7993 5817 1933 9881 
9140 3044 5100 8690 6303 4488 6004 5054 4883 5029 7041 6683 2575 7678 3976 9549 7401 3131 5038 6424 5313 5509 4623 1174 6416 9192 6711 4408 1360 4995 
4289 499 8039 5740 9189 693 227 1544 5746 1462 6572 2786 8144 5499 6815 2120 1399 4216 1602 6436 6991 6914 1944 7965 4439 8359 3508 7501 9119 4868 
2495 9759 1718 6885 5498 906 7577 2076 8802 9675 3537 5373 8812 1681 7223 5627 152 8621 6194 1753 5056 3184 5018 3351 7500 9456 8062 1007 6956 3532 
2226 5802 3290 3944 2687 8787 1201 263 862 2 9937 4399 1727 8749 2431 8949 727 2582 7570 6920 4334 8977 6455 9351 2328 3954 5158 6741 1312 8465 
272 3538 4266 3561 7481 3304 2347 8681 9919 9560 8683 6207 3958 409 1307 6388 9357 2033 5321 3278 5304 9654 2255 8110 5356 934 2063 513 7674 9727 
8977 4297 3264 9595 7857 744 2898 6555 9424 9168 6114 4458 5375 6424 1218 6681 9163 575 5066 4484 3852 369 4137 2458 8479 5845 3391 6893 6357 1064 
6619 1686 5360 9882 7632 9568 6977 6881 6122 2753 6049 8588 7210 1423 5011 8428 4455 4173 5354 9520 8656 5557 6241 9145 8015 1071 4989 1405 7963 7697 
8821 934 9382 532 7167 3365 100 496 246 2573 3248 6294 1160 6809 4068 6170 1588 8522 343 6941 4394 5350 8850 634 4494 3216 1704 5834 972 6018 
3531 9792 6951 9264 324 470 2629 6775 965 2874 9347 4212 5519 6859 7372 9586 3028 8960 4459 9722 2252 8852 5072 1101 5837 5917 4316 3892 1751 1640 
9910 5281 1431 3212 4544 8106 3681 7172 1232 997 6397 579 1560 1915 7437 8932 7852 6816 7891 2311 6538 142 7514 7961 7595 9703 3877 8262 3594 1979 
9901 3503 7259 7684 3067 8155 5789 6747 1678 3373 4096 8075 3951 5655 9989 7739 4586 7841 906 8828 6503 3795 5322 368 1755 9268 70 1984 7529 3664 
314 3782 3518 7573 1465 6584 2079 3605 9683 3756 6977 3778 1830 7279 9432 8171 1369 370 2363 2275 9197 5217 6069 870 5584 4176 137 5654 2511 7666 
5669 2824 7799 9186 6748 5615 5770 8826 9219 5452 8934 2548 5581 763 6178 5012 5285 7547 5381 3999 9821 930 9215 2241 1799 4799 2768 1936 452 5278 
5953 6120 4454 103 5305 7553 5717 7426 6379 1287 9229 5312 3834 4809 2426 12 9821 4063 3910 1553 8061 82 8834 7276 2322 6985 2074 1442 5272 8877 
3071 7576 1348 7524 7678 3004 5077 9746 430 7807 1032 9658 9470 1218 819 8247 7581 6991 8661 1490 4895 6722 1571 3729 349 244 7065 2422 1685 2336 
7650 4756 9911 8997 8631 3940 2000 59 3685 8781 7865 1068 4791 3686 2285 5609 8285 9865 2599 6945 1354 7493 3666 2924 7573 4014 3168 4637 2787 1204 
6972 436 5959 3234 5784 942 3525 4136 1000 7209 2916 5217 4629 7706 8902 6913 9666 7186 6778 2264 483 4483 6109 4148 3759 3681 4514 3278 4670 3652 
4481 7993 4088 6792 1227 6223 7733 4751 358 8732 8312 3274 300 9292 7331 9202 6204 6997 2739 9333 5612 9573 3816 8072 3721 3926 8105 4586 7203 
2774 8237 1683 766 8676 8474 8344 4899 2558 9447 5256 1290 4110 4881 1589 3401 2212 7142 9604 5560 6233 5289 7523 5805 5456 5595 5877 9381 51 
462 6583 2824 5051 4617 3589 3726 9443 8285 8624 2000 7731 3880 9641 1840 8760 1230 5240 7323 4723 1195 9234 7307 6483 6757 3112 8290 8703 5340 
7670 8753 5802 604 1576 852 1573 1516 929 1015 9800 9553 3014 3882 9784 2655 5721 4895 236 7312 2218 1310 8507 1451 8617 1341 8207 8080 9631 
3261 3419 3652 2013 5572 608 3588 2775 2180 1456 3704 3194 7607 3256 2559 1489 3039 5213 7209 7933 1800 4521 6502 3110 9379 4305 8078 719 8863 
6157 6701 2124 9575 353 4136 5147 960 4076 4273 9491 5531 7976 2684 3137 1231 5242 4625 621 6807 8186 4906 8606 9058 7759 8067 8436 2063 6144 
5506 926 2300 2207 3049 8227 8911 3536 9725 6222 7611 3997 5712 9493 1973 8395 2630 9555 9988 3606 6528 3146 8143 1433 8104 7200 9191 6170 5635 
7606 8666 1141 8531 7317 9699 7931 5543 4961 7818 1619 1182 5429 5616 6893 4921 3940 1639 3902 3494 7978 7508 21 1124 5650 7805 9227 9202 6996 
1748 4836 953 413 2328 9483 4082 8378 3765 5976 3338 1582 7595 4519 3362 3210 7763 8283 3501 5753 8536 6994 3731 2395 3367 1206 4397 1171 6784 
3598 4518 8531 4785 5470 5296 3465 1304 5729 1842 1420 1704 5180 3002 9298 6050 6363 8859 165 997 2359 5917 9533 5705 5999 1927 9071 3556 2675 
241 339 6272 1111 5222 1057 6580 6869 4521 4236 2597 2714 5655 4300 4245 8656 9950 295 1371 8808 6811 8719 7519 9079 4603 3223 1430 2882 2293 
4985 5556 8885 1676 1828 9995 6897 9236 2927 117 3756 7162 2713 2821 2816 3364 7066 7824 3313 7360 5546 8473 522 4264 2343 9600 5219 5565 1029 
8100 4209 2366 7 3093 4041 8186 9440 7289 7421 2366 7405 7528 5879 117 349 8694 9832 7414 6517 9497 1125 2062 7969 7998 2678 6663 7597 4248 
2227 4978 8699 2787 7343 8705 2231 1383 3243 1670 8671 7015 387 2427 4543 6265 8895 1243 4959 8726 5008 7827 8222 2484 6241 2542 481 5270 9204 
4429 9517 7782 9406 8215 568 3100 3271 2799 4482 6513 4468 9504 3528 1207 1930 4422 7471 824 5664 8781 5902 7023 2960 475 5858 9200 3017 6338 
821 8572 7118 337 6354 2876 4903 3273 5975 8173 6071 6809 4686 6891 2664 4565 8097 4594 8986 1919 1769 1001 7052 4022 4375 11 4497 232 5562 
3865 6569 6382 2436 3686 3070 5141 6561 7972 8414 8888 6144 4484 5696 829 7726 8359 1745 5822 9304 730 4093 7425 8082 1144 1446 2456 7506 5942 
2687 3067 9806 9255 9448 8594 9293 8869 3734 2205 6840 8499 7444 2983 9335 3139 164 7060 7850 1908 9234 7153 8990 3326 4577 7071 4469 2375 9527 
8326 8316 2213 1392 4474 7820 7191 9419 3464 6059 3152 2020 2898 8003 9464 5880 7337 8954 2395 4396 6803 4303 3629 3956 3292 6954 4884 362 7774 
7258 6240 6099 1926 8453 3842 2751 6272 1032 2169 6087 3442 1672 8106 6339 9674 7569 8571 7010 2875 965 1406 9677 1619 1386 9984 4910 8340 1220 
1624 2465 8477 7863 4916 6754 6315 8757 9504 8938 6141 8024 1376 9582 9696 9482 2273 9369 3402 7195 6379 6276 8159 4136 2305 9778 5521 2288 1039 
212 3507 2662 9029 8336 6877 3944 5089 9543 2700 945 8481 5192 8968 6208 4774 8663 5689 3398 4384 5443 592 7114 8070 5102 7601 374 4879 3121 
2662 2270 9685 2520 1283 8713 855 8159 2656 2296 7702 1707 3240 2534 3251 8559 8741 8024 3574 782 7773 7957 2576 8364 5070 645 3465 2670 1019 
4696 2142 32 6965 8178 2551 8247 6890 9758 2758 5897 2053 459 3956 5292 9344 7206 202 8084 1581 3775 5217 9353 1731 7792 4068 3152 8437 7532 
2173 5807 2227 4315 5838 5543 2492 4740 142 5734 4497 9251 1630 2901 9709 5585 8192 5404 9142 4746 3487 722 8520 5056 74 251 2847 4141 9754 
7635 8025 1927 9793 6603 2593 5630 8498 1436 6722 8639 7169 7570 7889 5151 471 3949 7087 5014 9352 6229 9759 9190 6950 8279 597 3376 4881 3444 
3868 986 7430 1892 2912 7223 4847 1856 9204 3344 3292 5925 8334 6812 9847 2574 8314 317 6522 1753 1682 2225 7981 1441 7766 1282 6071 8363 1009 
7303 8158 1229 8288 5587 9472 7552 9161 4318 9407 8365 4013 9050 641 2346 2214 487 4919 6879 7155 7792 8631 8837 16 2963 6629 7782 597 2699 
2496 1605 1 653 9185 8288 6239 8657 5839 1752 9326 1598 116 3339 647 7108 5684 9212 7595 603 6091 1101 8394 4721 9937 4762 4036 6565 8895 
